openbareruimtenaam,huisnummer,huisletter,huisnummertoevoeging,postcode,woonplaatsnaam,gemeentenaam,provincienaam,typeadresseerbaarobject,longitude,latitude
Bloksteeg,1,,,8014AA,Zwolle,Zwolle,Overijssel,VBO,6.110711,52.494836
Nieuwe Deventerweg,3,,,8014AB,Zwolle,Zwolle,Overijssel,VBO,6.107169,52.492175
Nieuwe Deventerweg,5,,,8014AB,Zwolle,Zwolle,Overijssel,VBO,6.107155,52.492125
Nieuwe Deventerweg,7,,,8014AB,Zwolle,Zwolle,Overijssel,VBO,6.107198,52.491877
Nieuwe Deventerweg,9,,,8014AB,Zwolle,Zwolle,Overijssel,VBO,6.107299,52.491736
Nieuwe Deventerweg,11,,,8014AB,Zwolle,Zwolle,Overijssel,VBO,6.107344,52.491624
Nieuwe Deventerweg,13,,,8014AB,Zwolle,Zwolle,Overijssel,VBO,6.107364,52.491593
Nieuwe Deventerweg,15,,,8014AB,Zwolle,Zwolle,Overijssel,VBO,6.107473,52.491483
Nieuwe Deventerweg,17,,,8014AB,Zwolle,Zwolle,Overijssel,VBO,6.107581,52.491396
Nieuwe Deventerweg,19,,,8014AB,Zwolle,Zwolle,Overijssel,VBO,6.107690,52.491307
Nieuwe Deventerweg,21,,,8014AB,Zwolle,Zwolle,Overijssel,VBO,6.107801,52.491217
Nieuwe Deventerweg,23,,,8014AB,Zwolle,Zwolle,Overijssel,VBO,6.107901,52.491133
Nieuwe Deventerweg,25,,,8014AB,Zwolle,Zwolle,Overijssel,VBO,6.108012,52.491044
Nieuwe Deventerweg,27,,,8014AB,Zwolle,Zwolle,Overijssel,VBO,6.108117,52.490962
Nieuwe Deventerweg,29,G,1,8014AB,Zwolle,Zwolle,Overijssel,VBO,6.108438,52.490959
Nieuwe Deventerweg,29,G,2,8014AB,Zwolle,Zwolle,Overijssel,VBO,6.108475,52.490976
Nieuwe Deventerweg,29,G,3,8014AB,Zwolle,Zwolle,Overijssel,VBO,6.108520,52.490994
Nieuwe Deventerweg,29,G,4,8014AB,Zwolle,Zwolle,Overijssel,VBO,6.108556,52.491009
Nieuwe Deventerweg,29,G,5,8014AB,Zwolle,Zwolle,Overijssel,VBO,6.108586,52.491027
Nieuwe Deventerweg,29,G,6,8014AB,Zwolle,Zwolle,Overijssel,VBO,6.108620,52.491039
Nieuwe Deventerweg,29,G,7,8014AB,Zwolle,Zwolle,Overijssel,VBO,6.108650,52.491056
Nieuwe Deventerweg,29,G,8,8014AB,Zwolle,Zwolle,Overijssel,VBO,6.108683,52.491071
Nieuwe Deventerweg,29,,,8014AB,Zwolle,Zwolle,Overijssel,VBO,6.108224,52.490871
Nieuwe Deventerweg,31,,,8014AC,Zwolle,Zwolle,Overijssel,VBO,6.108405,52.490728
Nieuwe Deventerweg,33,,,8014AC,Zwolle,Zwolle,Overijssel,VBO,6.108522,52.490635
Nieuwe Deventerweg,35,,,8014AC,Zwolle,Zwolle,Overijssel,VBO,6.108638,52.490537
Nieuwe Deventerweg,37,,,8014AC,Zwolle,Zwolle,Overijssel,VBO,6.108755,52.490440
Nieuwe Deventerweg,39,A,,8014AC,Zwolle,Zwolle,Overijssel,VBO,6.109281,52.490532
Nieuwe Deventerweg,39,,,8014AC,Zwolle,Zwolle,Overijssel,VBO,6.108882,52.490344
Nieuwe Deventerweg,41,,,8014AC,Zwolle,Zwolle,Overijssel,VBO,6.108985,52.490254
Nieuwe Deventerweg,43,,,8014AC,Zwolle,Zwolle,Overijssel,VBO,6.109091,52.490166
Nieuwe Deventerweg,45,,,8014AC,Zwolle,Zwolle,Overijssel,VBO,6.109199,52.490074
Nieuwe Deventerweg,47,,,8014AC,Zwolle,Zwolle,Overijssel,VBO,6.109322,52.489980
Nieuwe Deventerweg,49,,,8014AC,Zwolle,Zwolle,Overijssel,VBO,6.109364,52.489928
Nieuwe Deventerweg,51,,,8014AC,Zwolle,Zwolle,Overijssel,VBO,6.109479,52.489842
Nieuwe Deventerweg,53,,,8014AC,Zwolle,Zwolle,Overijssel,VBO,6.109559,52.489770
Nieuwe Deventerweg,55,,,8014AC,Zwolle,Zwolle,Overijssel,VBO,6.109591,52.489741
Nieuwe Deventerweg,57,,,8014AC,Zwolle,Zwolle,Overijssel,VBO,6.109722,52.489637
Nieuwe Deventerweg,59,,,8014AC,Zwolle,Zwolle,Overijssel,VBO,6.109821,52.489550
Nieuwe Deventerweg,61,,,8014AD,Zwolle,Zwolle,Overijssel,VBO,6.109920,52.489473
Nieuwe Deventerweg,63,,,8014AD,Zwolle,Zwolle,Overijssel,VBO,6.110006,52.489393
Nieuwe Deventerweg,65,,,8014AD,Zwolle,Zwolle,Overijssel,VBO,6.110058,52.489348
Nieuwe Deventerweg,67,,,8014AD,Zwolle,Zwolle,Overijssel,VBO,6.110148,52.489266
Nieuwe Deventerweg,69,,,8014AD,Zwolle,Zwolle,Overijssel,VBO,6.110245,52.489188
Nieuwe Deventerweg,71,,,8014AD,Zwolle,Zwolle,Overijssel,VBO,6.110341,52.489101
Nieuwe Deventerweg,73,,,8014AD,Zwolle,Zwolle,Overijssel,VBO,6.110439,52.489013
Nieuwe Deventerweg,75,,,8014AD,Zwolle,Zwolle,Overijssel,VBO,6.110534,52.488928
Nieuwe Deventerweg,77,,,8014AD,Zwolle,Zwolle,Overijssel,VBO,6.110623,52.488846
Nieuwe Deventerweg,79,,,8014AD,Zwolle,Zwolle,Overijssel,VBO,6.110718,52.488761
Nieuwe Deventerweg,81,,,8014AD,Zwolle,Zwolle,Overijssel,VBO,6.110811,52.488675
Nieuwe Deventerweg,83,,,8014AD,Zwolle,Zwolle,Overijssel,VBO,6.110898,52.488592
Nieuwe Deventerweg,85,,,8014AD,Zwolle,Zwolle,Overijssel,VBO,6.110990,52.488504
Nieuwe Deventerweg,87,A,,8014AD,Zwolle,Zwolle,Overijssel,VBO,6.111163,52.488349
Nieuwe Deventerweg,87,B,,8014AD,Zwolle,Zwolle,Overijssel,VBO,6.111262,52.488250
Nieuwe Deventerweg,87,G,1,8014AD,Zwolle,Zwolle,Overijssel,VBO,6.111190,52.488364
Nieuwe Deventerweg,87,G,10,8014AD,Zwolle,Zwolle,Overijssel,VBO,6.111548,52.488505
Nieuwe Deventerweg,87,G,11,8014AD,Zwolle,Zwolle,Overijssel,VBO,6.111587,52.488520
Nieuwe Deventerweg,87,G,12,8014AD,Zwolle,Zwolle,Overijssel,VBO,6.111627,52.488534
Nieuwe Deventerweg,87,G,13,8014AD,Zwolle,Zwolle,Overijssel,VBO,6.111666,52.488549
Nieuwe Deventerweg,87,G,14,8014AD,Zwolle,Zwolle,Overijssel,VBO,6.111703,52.488564
Nieuwe Deventerweg,87,G,15,8014AD,Zwolle,Zwolle,Overijssel,VBO,6.111798,52.488654
Nieuwe Deventerweg,87,G,16,8014AD,Zwolle,Zwolle,Overijssel,VBO,6.111824,52.488634
Nieuwe Deventerweg,87,G,17,8014AD,Zwolle,Zwolle,Overijssel,VBO,6.111846,52.488614
Nieuwe Deventerweg,87,G,18,8014AD,Zwolle,Zwolle,Overijssel,VBO,6.111863,52.488596
Nieuwe Deventerweg,87,G,19,8014AD,Zwolle,Zwolle,Overijssel,VBO,6.111887,52.488569
Nieuwe Deventerweg,87,G,2,8014AD,Zwolle,Zwolle,Overijssel,VBO,6.111232,52.488383
Nieuwe Deventerweg,87,G,20,8014AD,Zwolle,Zwolle,Overijssel,VBO,6.111910,52.488548
Nieuwe Deventerweg,87,G,21,8014AD,Zwolle,Zwolle,Overijssel,VBO,6.111933,52.488526
Nieuwe Deventerweg,87,G,22,8014AD,Zwolle,Zwolle,Overijssel,VBO,6.111953,52.488506
Nieuwe Deventerweg,87,G,23,8014AD,Zwolle,Zwolle,Overijssel,VBO,6.111975,52.488484
Nieuwe Deventerweg,87,G,24,8014AD,Zwolle,Zwolle,Overijssel,VBO,6.111993,52.488464
Nieuwe Deventerweg,87,G,25,8014AD,Zwolle,Zwolle,Overijssel,VBO,6.112019,52.488442
Nieuwe Deventerweg,87,G,26,8014AD,Zwolle,Zwolle,Overijssel,VBO,6.112040,52.488419
Nieuwe Deventerweg,87,G,27,8014AD,Zwolle,Zwolle,Overijssel,VBO,6.111920,52.488376
Nieuwe Deventerweg,87,G,28,8014AD,Zwolle,Zwolle,Overijssel,VBO,6.111901,52.488399
Nieuwe Deventerweg,87,G,29,8014AD,Zwolle,Zwolle,Overijssel,VBO,6.111874,52.488420
Nieuwe Deventerweg,87,G,3,8014AD,Zwolle,Zwolle,Overijssel,VBO,6.111272,52.488399
Nieuwe Deventerweg,87,G,30,8014AD,Zwolle,Zwolle,Overijssel,VBO,6.111848,52.488448
Nieuwe Deventerweg,87,G,31,8014AD,Zwolle,Zwolle,Overijssel,VBO,6.111819,52.488466
Nieuwe Deventerweg,87,G,32,8014AD,Zwolle,Zwolle,Overijssel,VBO,6.111782,52.488477
Nieuwe Deventerweg,87,G,33,8014AD,Zwolle,Zwolle,Overijssel,VBO,6.111724,52.488460
Nieuwe Deventerweg,87,G,34,8014AD,Zwolle,Zwolle,Overijssel,VBO,6.111670,52.488438
Nieuwe Deventerweg,87,G,35,8014AD,Zwolle,Zwolle,Overijssel,VBO,6.111624,52.488421
Nieuwe Deventerweg,87,G,36,8014AD,Zwolle,Zwolle,Overijssel,VBO,6.111542,52.488392
Nieuwe Deventerweg,87,G,37,8014AD,Zwolle,Zwolle,Overijssel,VBO,6.111478,52.488370
Nieuwe Deventerweg,87,G,4,8014AD,Zwolle,Zwolle,Overijssel,VBO,6.111315,52.488413
Nieuwe Deventerweg,87,G,5,8014AD,Zwolle,Zwolle,Overijssel,VBO,6.111353,52.488428
Nieuwe Deventerweg,87,G,6,8014AD,Zwolle,Zwolle,Overijssel,VBO,6.111394,52.488442
Nieuwe Deventerweg,87,G,7,8014AD,Zwolle,Zwolle,Overijssel,VBO,6.111431,52.488458
Nieuwe Deventerweg,87,G,8,8014AD,Zwolle,Zwolle,Overijssel,VBO,6.111470,52.488473
Nieuwe Deventerweg,87,G,9,8014AD,Zwolle,Zwolle,Overijssel,VBO,6.111508,52.488489
Nieuwe Deventerweg,87,,,8014AD,Zwolle,Zwolle,Overijssel,VBO,6.111083,52.488419
Nieuwe Deventerweg,89,A,,8014AD,Zwolle,Zwolle,Overijssel,VBO,6.111311,52.488232
Nieuwe Deventerweg,89,A,,8014AD,Zwolle,Zwolle,Overijssel,VBO,6.111507,52.488009
Nieuwe Deventerweg,89,I,,8014AD,Zwolle,Zwolle,Overijssel,VBO,6.111617,52.487906
Nieuwe Deventerweg,89,,,8014AD,Zwolle,Zwolle,Overijssel,VBO,6.111416,52.488095
Nieuwe Deventerweg,91,,,8014AD,Zwolle,Zwolle,Overijssel,VBO,6.111699,52.487808
Nieuwe Deventerweg,93,,,8014AD,Zwolle,Zwolle,Overijssel,VBO,6.111787,52.487724
Nieuwe Deventerweg,95,,,8014AD,Zwolle,Zwolle,Overijssel,VBO,6.111869,52.487632
Nieuwe Deventerweg,97,,,8014AE,Zwolle,Zwolle,Overijssel,VBO,6.112140,52.487608
Nieuwe Deventerweg,99,,,8014AE,Zwolle,Zwolle,Overijssel,VBO,6.112408,52.487516
Nieuwe Deventerweg,101,G,1,8014AE,Zwolle,Zwolle,Overijssel,VBO,6.113299,52.487462
Nieuwe Deventerweg,101,,1,8014AE,Zwolle,Zwolle,Overijssel,VBO,6.112647,52.487270
Nieuwe Deventerweg,101,,,8014AE,Zwolle,Zwolle,Overijssel,VBO,6.112538,52.487405
Nieuwe Deventerweg,103,A,,8014AE,Zwolle,Zwolle,Overijssel,VBO,6.113077,52.486776
Nieuwe Deventerweg,103,B,,8014AE,Zwolle,Zwolle,Overijssel,VBO,6.113158,52.486710
Nieuwe Deventerweg,103,C,,8014AE,Zwolle,Zwolle,Overijssel,VBO,6.113346,52.486512
Nieuwe Deventerweg,103,G,1,8014AE,Zwolle,Zwolle,Overijssel,VBO,6.113443,52.487452
Nieuwe Deventerweg,103,G,10,8014AE,Zwolle,Zwolle,Overijssel,VBO,6.113789,52.487286
Nieuwe Deventerweg,103,G,11,8014AE,Zwolle,Zwolle,Overijssel,VBO,6.113818,52.487264
Nieuwe Deventerweg,103,G,12,8014AE,Zwolle,Zwolle,Overijssel,VBO,6.113807,52.487235
Nieuwe Deventerweg,103,G,13,8014AE,Zwolle,Zwolle,Overijssel,VBO,6.113767,52.487220
Nieuwe Deventerweg,103,G,14,8014AE,Zwolle,Zwolle,Overijssel,VBO,6.113736,52.487208
Nieuwe Deventerweg,103,G,15,8014AE,Zwolle,Zwolle,Overijssel,VBO,6.113698,52.487190
Nieuwe Deventerweg,103,G,16,8014AE,Zwolle,Zwolle,Overijssel,VBO,6.113664,52.487178
Nieuwe Deventerweg,103,G,17,8014AE,Zwolle,Zwolle,Overijssel,VBO,6.113619,52.487158
Nieuwe Deventerweg,103,G,2,8014AE,Zwolle,Zwolle,Overijssel,VBO,6.113599,52.487452
Nieuwe Deventerweg,103,G,3,8014AE,Zwolle,Zwolle,Overijssel,VBO,6.113617,52.487432
Nieuwe Deventerweg,103,G,4,8014AE,Zwolle,Zwolle,Overijssel,VBO,6.113640,52.487414
Nieuwe Deventerweg,103,G,5,8014AE,Zwolle,Zwolle,Overijssel,VBO,6.113665,52.487387
Nieuwe Deventerweg,103,G,6,8014AE,Zwolle,Zwolle,Overijssel,VBO,6.113691,52.487364
Nieuwe Deventerweg,103,G,7,8014AE,Zwolle,Zwolle,Overijssel,VBO,6.113717,52.487342
Nieuwe Deventerweg,103,G,8,8014AE,Zwolle,Zwolle,Overijssel,VBO,6.113745,52.487318
Nieuwe Deventerweg,103,G,9,8014AE,Zwolle,Zwolle,Overijssel,VBO,6.113764,52.487305
Nieuwe Deventerweg,103,T,1,8014AE,Zwolle,Zwolle,Overijssel,VBO,6.113595,52.487111
Nieuwe Deventerweg,103,,,8014AE,Zwolle,Zwolle,Overijssel,VBO,6.113068,52.487179
Nieuwe Deventerweg,105,,,8014AE,Zwolle,Zwolle,Overijssel,VBO,6.113464,52.486398
Nieuwe Deventerweg,107,,,8014AE,Zwolle,Zwolle,Overijssel,VBO,6.113513,52.486348
Nieuwe Deventerweg,109,A,,8014AE,Zwolle,Zwolle,Overijssel,VBO,6.113761,52.486167
Nieuwe Deventerweg,109,B,,8014AE,Zwolle,Zwolle,Overijssel,VBO,6.113850,52.486072
Nieuwe Deventerweg,109,,,8014AE,Zwolle,Zwolle,Overijssel,VBO,6.113635,52.486269
Nieuwe Deventerweg,111,,,8014AE,Zwolle,Zwolle,Overijssel,VBO,6.113839,52.485903
Nieuwe Deventerweg,113,A,,8014AE,Zwolle,Zwolle,Overijssel,VBO,6.113984,52.485784
Nieuwe Deventerweg,113,,,8014AE,Zwolle,Zwolle,Overijssel,VBO,6.113876,52.485870
Nieuwe Deventerweg,115,,,8014AE,Zwolle,Zwolle,Overijssel,VBO,6.114105,52.485666
Nieuwe Deventerweg,117,,,8014AE,Zwolle,Zwolle,Overijssel,VBO,6.114158,52.485623
Nieuwe Deventerweg,119,,,8014AE,Zwolle,Zwolle,Overijssel,VBO,6.114260,52.485534
Nieuwe Deventerweg,121,,,8014AE,Zwolle,Zwolle,Overijssel,VBO,6.114315,52.485488
Nieuwe Deventerweg,129,I,,8014AE,Zwolle,Zwolle,Overijssel,VBO,6.115976,52.484529
Nieuwe Deventerweg,129,,,8014AE,Zwolle,Zwolle,Overijssel,VBO,6.116069,52.485193
Nieuwe Deventerweg,2,,,8014AG,Zwolle,Zwolle,Overijssel,VBO,6.106544,52.491642
Nieuwe Deventerweg,4,,,8014AG,Zwolle,Zwolle,Overijssel,VBO,6.106834,52.491528
Nieuwe Deventerweg,6,B,,8014AG,Zwolle,Zwolle,Overijssel,VBO,6.106890,52.491480
Nieuwe Deventerweg,6,C,,8014AG,Zwolle,Zwolle,Overijssel,VBO,6.106953,52.491428
Nieuwe Deventerweg,6,T,1,8014AG,Zwolle,Zwolle,Overijssel,VBO,6.107020,52.490986
Nieuwe Deventerweg,6,,,8014AG,Zwolle,Zwolle,Overijssel,VBO,6.106762,52.491130
Nieuwe Deventerweg,8,A,,8014AG,Zwolle,Zwolle,Overijssel,VBO,6.107091,52.491029
Nieuwe Deventerweg,8,,,8014AG,Zwolle,Zwolle,Overijssel,VBO,6.107411,52.491023
Nieuwe Deventerweg,10,,,8014AG,Zwolle,Zwolle,Overijssel,VBO,6.107463,52.490986
Nieuwe Deventerweg,12,,,8014AG,Zwolle,Zwolle,Overijssel,VBO,6.107509,52.490950
Nieuwe Deventerweg,14,,,8014AG,Zwolle,Zwolle,Overijssel,VBO,6.107554,52.490912
Nieuwe Deventerweg,16,,,8014AG,Zwolle,Zwolle,Overijssel,VBO,6.107598,52.490873
Nieuwe Deventerweg,18,,,8014AG,Zwolle,Zwolle,Overijssel,VBO,6.107639,52.490836
Nieuwe Deventerweg,20,,,8014AG,Zwolle,Zwolle,Overijssel,VBO,6.107677,52.490800
Nieuwe Deventerweg,22,,,8014AG,Zwolle,Zwolle,Overijssel,VBO,6.107720,52.490764
Nieuwe Deventerweg,26,A,,8014AG,Zwolle,Zwolle,Overijssel,VBO,6.107850,52.490260
Nieuwe Deventerweg,26,,,8014AG,Zwolle,Zwolle,Overijssel,VBO,6.107971,52.490297
Nieuwe Deventerweg,30,,,8014AH,Zwolle,Zwolle,Overijssel,VBO,6.108180,52.490168
Nieuwe Deventerweg,34,,,8014AH,Zwolle,Zwolle,Overijssel,VBO,6.108406,52.490075
Nieuwe Deventerweg,36,,,8014AH,Zwolle,Zwolle,Overijssel,VBO,6.108735,52.489907
Nieuwe Deventerweg,38,,,8014AH,Zwolle,Zwolle,Overijssel,VBO,6.108771,52.489788
Nieuwe Deventerweg,42,,,8014AH,Zwolle,Zwolle,Overijssel,VBO,6.108945,52.489689
Nieuwe Deventerweg,44,,,8014AH,Zwolle,Zwolle,Overijssel,VBO,6.109143,52.489600
Nieuwe Deventerweg,46,,,8014AH,Zwolle,Zwolle,Overijssel,VBO,6.109180,52.489495
Nieuwe Deventerweg,48,A,,8014AH,Zwolle,Zwolle,Overijssel,VBO,6.109340,52.489367
Nieuwe Deventerweg,48,,,8014AH,Zwolle,Zwolle,Overijssel,VBO,6.109299,52.489423
Nieuwe Deventerweg,50,,1,8014AH,Zwolle,Zwolle,Overijssel,VBO,6.109493,52.489248
Nieuwe Deventerweg,50,,,8014AH,Zwolle,Zwolle,Overijssel,VBO,6.109448,52.489299
Nieuwe Deventerweg,52,,,8014AJ,Zwolle,Zwolle,Overijssel,VBO,6.109458,52.488968
Nieuwe Deventerweg,54,,,8014AJ,Zwolle,Zwolle,Overijssel,VBO,6.109531,52.488962
Nieuwe Deventerweg,56,,,8014AJ,Zwolle,Zwolle,Overijssel,VBO,6.109509,52.488909
Nieuwe Deventerweg,58,,,8014AJ,Zwolle,Zwolle,Overijssel,VBO,6.109623,52.488871
Nieuwe Deventerweg,60,,,8014AJ,Zwolle,Zwolle,Overijssel,VBO,6.109570,52.488843
Nieuwe Deventerweg,62,,,8014AJ,Zwolle,Zwolle,Overijssel,VBO,6.109923,52.488873
Nieuwe Deventerweg,64,,,8014AJ,Zwolle,Zwolle,Overijssel,VBO,6.109982,52.488832
Nieuwe Deventerweg,66,,,8014AJ,Zwolle,Zwolle,Overijssel,VBO,6.110072,52.488755
Nieuwe Deventerweg,68,,,8014AJ,Zwolle,Zwolle,Overijssel,VBO,6.110123,52.488710
Nieuwe Deventerweg,70,,,8014AJ,Zwolle,Zwolle,Overijssel,VBO,6.110203,52.488627
Nieuwe Deventerweg,72,,,8014AJ,Zwolle,Zwolle,Overijssel,VBO,6.110316,52.488539
Nieuwe Deventerweg,74,,,8014AJ,Zwolle,Zwolle,Overijssel,VBO,6.110365,52.488497
Nieuwe Deventerweg,76,,,8014AJ,Zwolle,Zwolle,Overijssel,VBO,6.110450,52.488405
Nieuwe Deventerweg,78,,,8014AJ,Zwolle,Zwolle,Overijssel,VBO,6.110488,52.488366
Nieuwe Deventerweg,80,,,8014AJ,Zwolle,Zwolle,Overijssel,VBO,6.110583,52.488280
Nieuwe Deventerweg,82,,,8014AJ,Zwolle,Zwolle,Overijssel,VBO,6.110626,52.488240
Nieuwe Deventerweg,84,,,8014AJ,Zwolle,Zwolle,Overijssel,VBO,6.110768,52.488114
Nieuwe Deventerweg,86,,,8014AJ,Zwolle,Zwolle,Overijssel,VBO,6.110840,52.488033
Nieuwe Deventerweg,88,,,8014AJ,Zwolle,Zwolle,Overijssel,VBO,6.110889,52.487985
Nieuwe Deventerweg,90,,,8014AK,Zwolle,Zwolle,Overijssel,VBO,6.110981,52.487901
Nieuwe Deventerweg,92,,,8014AK,Zwolle,Zwolle,Overijssel,VBO,6.111004,52.487869
Nieuwe Deventerweg,94,A,,8014AK,Zwolle,Zwolle,Overijssel,VBO,6.110680,52.487605
Nieuwe Deventerweg,94,,,8014AK,Zwolle,Zwolle,Overijssel,VBO,6.111093,52.487778
Nieuwe Deventerweg,96,,,8014AK,Zwolle,Zwolle,Overijssel,VBO,6.111208,52.487662
Nieuwe Deventerweg,98,,,8014AK,Zwolle,Zwolle,Overijssel,VBO,6.111305,52.487536
Nieuwe Deventerweg,100,,,8014AK,Zwolle,Zwolle,Overijssel,VBO,6.111352,52.487487
Nieuwe Deventerweg,102,,,8014AK,Zwolle,Zwolle,Overijssel,VBO,6.111434,52.487397
Nieuwe Deventerweg,104,,,8014AK,Zwolle,Zwolle,Overijssel,VBO,6.111462,52.487352
Nieuwe Deventerweg,106,,,8014AK,Zwolle,Zwolle,Overijssel,VBO,6.111541,52.487254
Nieuwe Deventerweg,108,,,8014AK,Zwolle,Zwolle,Overijssel,VBO,6.111583,52.487209
Nieuwe Deventerweg,110,A,,8014AK,Zwolle,Zwolle,Overijssel,VBO,6.111463,52.487022
Nieuwe Deventerweg,110,,,8014AK,Zwolle,Zwolle,Overijssel,VBO,6.111704,52.487100
Nieuwe Deventerweg,112,,,8014AK,Zwolle,Zwolle,Overijssel,VBO,6.111750,52.487047
Nieuwe Deventerweg,114,,,8014AK,Zwolle,Zwolle,Overijssel,VBO,6.111866,52.486862
Nieuwe Deventerweg,116,,,8014AK,Zwolle,Zwolle,Overijssel,VBO,6.111967,52.486752
Nieuwe Deventerweg,118,,,8014AK,Zwolle,Zwolle,Overijssel,VBO,6.112063,52.486647
Nieuwe Deventerweg,120,,,8014AK,Zwolle,Zwolle,Overijssel,VBO,6.112178,52.486550
Nieuwe Deventerweg,122,T,1,8014AL,Zwolle,Zwolle,Overijssel,VBO,6.113478,52.485034
Nieuwe Deventerweg,122,,,8014AL,Zwolle,Zwolle,Overijssel,VBO,6.112234,52.486497
Nieuwe Deventerweg,124,T,1,8014AL,Zwolle,Zwolle,Overijssel,VBO,6.114137,52.484703
Nieuwe Deventerweg,144,,,8014AL,Zwolle,Zwolle,Overijssel,VBO,6.115182,52.483927
Nieuwe Deventerweg,146,,,8014AL,Zwolle,Zwolle,Overijssel,VBO,6.115276,52.483849
Nieuwe Deventerweg,148,,,8014AL,Zwolle,Zwolle,Overijssel,VBO,6.115301,52.483798
Nieuwe Deventerweg,150,,,8014AL,Zwolle,Zwolle,Overijssel,VBO,6.115476,52.483622
Nieuwe Deventerweg,154,,,8014AL,Zwolle,Zwolle,Overijssel,VBO,6.116378,52.482519
Nieuwe Deventerweg,156,,,8014AL,Zwolle,Zwolle,Overijssel,VBO,6.116620,52.482471
Nieuwe Deventerweg,158,,,8014AL,Zwolle,Zwolle,Overijssel,VBO,6.116802,52.482544
Nieuwe Deventerweg,160,,,8014AL,Zwolle,Zwolle,Overijssel,VBO,6.116854,52.482498
Nieuwe Deventerweg,162,,,8014AL,Zwolle,Zwolle,Overijssel,VBO,6.116904,52.482448
Nieuwe Deventerweg,164,,,8014AL,Zwolle,Zwolle,Overijssel,VBO,6.116953,52.482400
De Savornin Lohmanlaan,1,,,8014AM,Zwolle,Zwolle,Overijssel,VBO,6.110746,52.486423
De Savornin Lohmanlaan,3,,,8014AM,Zwolle,Zwolle,Overijssel,VBO,6.110690,52.486469
De Savornin Lohmanlaan,5,,,8014AM,Zwolle,Zwolle,Overijssel,VBO,6.110644,52.486516
De Savornin Lohmanlaan,7,,,8014AM,Zwolle,Zwolle,Overijssel,VBO,6.110594,52.486562
De Savornin Lohmanlaan,9,,,8014AM,Zwolle,Zwolle,Overijssel,VBO,6.110553,52.486603
De Savornin Lohmanlaan,11,,,8014AM,Zwolle,Zwolle,Overijssel,VBO,6.110504,52.486651
De Savornin Lohmanlaan,13,,,8014AM,Zwolle,Zwolle,Overijssel,VBO,6.110458,52.486691
De Savornin Lohmanlaan,15,,,8014AM,Zwolle,Zwolle,Overijssel,VBO,6.110410,52.486741
De Savornin Lohmanlaan,2,,,8014AN,Zwolle,Zwolle,Overijssel,VBO,6.111282,52.486316
De Savornin Lohmanlaan,4,,,8014AN,Zwolle,Zwolle,Overijssel,VBO,6.111179,52.486419
De Savornin Lohmanlaan,6,,,8014AN,Zwolle,Zwolle,Overijssel,VBO,6.111071,52.486516
De Savornin Lohmanlaan,8,,,8014AN,Zwolle,Zwolle,Overijssel,VBO,6.111016,52.486566
De Savornin Lohmanlaan,10,,,8014AN,Zwolle,Zwolle,Overijssel,VBO,6.110919,52.486666
De Savornin Lohmanlaan,12,,,8014AN,Zwolle,Zwolle,Overijssel,VBO,6.110784,52.486845
De Savornin Lohmanlaan,14,,,8014AN,Zwolle,Zwolle,Overijssel,VBO,6.110881,52.486876
De Savornin Lohmanlaan,16,,,8014AN,Zwolle,Zwolle,Overijssel,VBO,6.110925,52.487010
De Savornin Lohmanlaan,18,,,8014AN,Zwolle,Zwolle,Overijssel,VBO,6.110876,52.487055
De Savornin Lohmanlaan,20,,,8014AN,Zwolle,Zwolle,Overijssel,VBO,6.110827,52.487100
De Savornin Lohmanlaan,22,,,8014AN,Zwolle,Zwolle,Overijssel,VBO,6.110780,52.487146
De Savornin Lohmanlaan,24,,,8014AN,Zwolle,Zwolle,Overijssel,VBO,6.110729,52.487191
De Savornin Lohmanlaan,26,,,8014AN,Zwolle,Zwolle,Overijssel,VBO,6.110684,52.487237
De Savornin Lohmanlaan,28,,,8014AN,Zwolle,Zwolle,Overijssel,VBO,6.110632,52.487282
De Savornin Lohmanlaan,30,,,8014AN,Zwolle,Zwolle,Overijssel,VBO,6.110591,52.487330
De Savornin Lohmanlaan,32,,,8014AN,Zwolle,Zwolle,Overijssel,VBO,6.110288,52.487463
De Savornin Lohmanlaan,34,,,8014AN,Zwolle,Zwolle,Overijssel,VBO,6.110190,52.487564
De Savornin Lohmanlaan,36,,,8014AN,Zwolle,Zwolle,Overijssel,VBO,6.110095,52.487661
De Savornin Lohmanlaan,38,,,8014AN,Zwolle,Zwolle,Overijssel,VBO,6.110005,52.487758
De Savornin Lohmanlaan,40,G,1,8014AP,Zwolle,Zwolle,Overijssel,VBO,6.110265,52.488025
De Savornin Lohmanlaan,40,G,10,8014AP,Zwolle,Zwolle,Overijssel,VBO,6.110028,52.488264
De Savornin Lohmanlaan,40,G,11,8014AP,Zwolle,Zwolle,Overijssel,VBO,6.110001,52.488287
De Savornin Lohmanlaan,40,G,2,8014AP,Zwolle,Zwolle,Overijssel,VBO,6.110238,52.488053
De Savornin Lohmanlaan,40,G,3,8014AP,Zwolle,Zwolle,Overijssel,VBO,6.110208,52.488079
De Savornin Lohmanlaan,40,G,4,8014AP,Zwolle,Zwolle,Overijssel,VBO,6.110187,52.488108
De Savornin Lohmanlaan,40,G,5,8014AP,Zwolle,Zwolle,Overijssel,VBO,6.110163,52.488134
De Savornin Lohmanlaan,40,G,6,8014AP,Zwolle,Zwolle,Overijssel,VBO,6.110138,52.488160
De Savornin Lohmanlaan,40,G,7,8014AP,Zwolle,Zwolle,Overijssel,VBO,6.110110,52.488183
De Savornin Lohmanlaan,40,G,8,8014AP,Zwolle,Zwolle,Overijssel,VBO,6.110083,52.488209
De Savornin Lohmanlaan,40,G,9,8014AP,Zwolle,Zwolle,Overijssel,VBO,6.110054,52.488238
De Savornin Lohmanlaan,40,T,1,8014AP,Zwolle,Zwolle,Overijssel,VBO,6.110292,52.487998
De Savornin Lohmanlaan,40,,,8014AP,Zwolle,Zwolle,Overijssel,VBO,6.110036,52.487920
De Savornin Lohmanlaan,42,,,8014AP,Zwolle,Zwolle,Overijssel,VBO,6.109985,52.487972
De Savornin Lohmanlaan,44,,,8014AP,Zwolle,Zwolle,Overijssel,VBO,6.109931,52.488026
De Savornin Lohmanlaan,46,,,8014AP,Zwolle,Zwolle,Overijssel,VBO,6.109883,52.488072
De Savornin Lohmanlaan,48,,,8014AP,Zwolle,Zwolle,Overijssel,VBO,6.109726,52.488132
De Savornin Lohmanlaan,50,,,8014AP,Zwolle,Zwolle,Overijssel,VBO,6.109675,52.488183
De Savornin Lohmanlaan,52,,,8014AP,Zwolle,Zwolle,Overijssel,VBO,6.109624,52.488233
De Savornin Lohmanlaan,54,,,8014AP,Zwolle,Zwolle,Overijssel,VBO,6.109574,52.488286
De Savornin Lohmanlaan,56,,,8014AP,Zwolle,Zwolle,Overijssel,VBO,6.109543,52.488424
De Savornin Lohmanlaan,58,,,8014AP,Zwolle,Zwolle,Overijssel,VBO,6.109496,52.488472
De Savornin Lohmanlaan,60,,,8014AP,Zwolle,Zwolle,Overijssel,VBO,6.109441,52.488527
De Savornin Lohmanlaan,62,,,8014AP,Zwolle,Zwolle,Overijssel,VBO,6.109393,52.488571
De Savornin Lohmanlaan,64,,,8014AP,Zwolle,Zwolle,Overijssel,VBO,6.109232,52.488634
De Savornin Lohmanlaan,66,,,8014AP,Zwolle,Zwolle,Overijssel,VBO,6.109182,52.488680
De Savornin Lohmanlaan,68,,,8014AP,Zwolle,Zwolle,Overijssel,VBO,6.109129,52.488737
De Savornin Lohmanlaan,70,,,8014AP,Zwolle,Zwolle,Overijssel,VBO,6.109079,52.488785
Talmaplein,1,,,8014AR,Zwolle,Zwolle,Overijssel,VBO,6.107742,52.488788
Talmaplein,3,,,8014AR,Zwolle,Zwolle,Overijssel,VBO,6.107663,52.488897
Mgr Nolenslaan,1,,,8014AS,Zwolle,Zwolle,Overijssel,VBO,6.105518,52.487815
Mgr Nolenslaan,3,,,8014AS,Zwolle,Zwolle,Overijssel,VBO,6.105477,52.487860
Mgr Nolenslaan,5,,,8014AS,Zwolle,Zwolle,Overijssel,VBO,6.105374,52.487968
Mgr Nolenslaan,7,,,8014AS,Zwolle,Zwolle,Overijssel,VBO,6.105256,52.488098
Mgr Nolenslaan,9,,,8014AS,Zwolle,Zwolle,Overijssel,VBO,6.105248,52.488244
Mgr Nolenslaan,11,,,8014AS,Zwolle,Zwolle,Overijssel,VBO,6.105431,52.488309
Mgr Nolenslaan,13,,,8014AS,Zwolle,Zwolle,Overijssel,VBO,6.105509,52.488339
Mgr Nolenslaan,15,,,8014AS,Zwolle,Zwolle,Overijssel,VBO,6.105686,52.488401
Mgr Nolenslaan,17,,,8014AS,Zwolle,Zwolle,Overijssel,VBO,6.105767,52.488430
Mgr Nolenslaan,19,,,8014AS,Zwolle,Zwolle,Overijssel,VBO,6.105967,52.488484
Mgr Nolenslaan,21,,,8014AS,Zwolle,Zwolle,Overijssel,VBO,6.106056,52.488515
Mgr Nolenslaan,23,,,8014AS,Zwolle,Zwolle,Overijssel,VBO,6.106153,52.488549
Mgr Nolenslaan,25,,,8014AS,Zwolle,Zwolle,Overijssel,VBO,6.106240,52.488583
Mgr Nolenslaan,27,,,8014AS,Zwolle,Zwolle,Overijssel,VBO,6.106461,52.488689
Mgr Nolenslaan,29,,,8014AS,Zwolle,Zwolle,Overijssel,VBO,6.106627,52.488750
Mgr Nolenslaan,2,,,8014AT,Zwolle,Zwolle,Overijssel,VBO,6.106104,52.488180
Mgr Nolenslaan,4,G,1,8014AT,Zwolle,Zwolle,Overijssel,VBO,6.106359,52.488212
Mgr Nolenslaan,4,G,2,8014AT,Zwolle,Zwolle,Overijssel,VBO,6.106393,52.488227
Mgr Nolenslaan,4,G,3,8014AT,Zwolle,Zwolle,Overijssel,VBO,6.106436,52.488241
Mgr Nolenslaan,4,G,4,8014AT,Zwolle,Zwolle,Overijssel,VBO,6.106471,52.488256
Mgr Nolenslaan,4,,,8014AT,Zwolle,Zwolle,Overijssel,VBO,6.106007,52.488280
Mgr Nolenslaan,6,G,1,8014AT,Zwolle,Zwolle,Overijssel,VBO,6.107432,52.488660
Mgr Nolenslaan,6,G,2,8014AT,Zwolle,Zwolle,Overijssel,VBO,6.107469,52.488673
Mgr Nolenslaan,6,G,3,8014AT,Zwolle,Zwolle,Overijssel,VBO,6.107515,52.488689
Mgr Nolenslaan,6,G,4,8014AT,Zwolle,Zwolle,Overijssel,VBO,6.107553,52.488701
Mgr Nolenslaan,31,,,8014AT,Zwolle,Zwolle,Overijssel,VBO,6.106711,52.488781
Mgr Nolenslaan,33,,,8014AT,Zwolle,Zwolle,Overijssel,VBO,6.106875,52.488845
Mgr Nolenslaan,35,,,8014AT,Zwolle,Zwolle,Overijssel,VBO,6.107175,52.488927
Mgr Nolenslaan,37,,,8014AT,Zwolle,Zwolle,Overijssel,VBO,6.107267,52.488964
Mgr Nolenslaan,39,,,8014AT,Zwolle,Zwolle,Overijssel,VBO,6.107341,52.488991
Mgr Nolenslaan,41,,,8014AT,Zwolle,Zwolle,Overijssel,VBO,6.107559,52.489104
Mgr Nolenslaan,43,,,8014AT,Zwolle,Zwolle,Overijssel,VBO,6.107705,52.489161
Mgr Nolenslaan,45,,,8014AT,Zwolle,Zwolle,Overijssel,VBO,6.107919,52.489208
Goeman Borgesiuslaan,1,,,8014AV,Zwolle,Zwolle,Overijssel,VBO,6.106648,52.488382
Goeman Borgesiuslaan,2,,,8014AV,Zwolle,Zwolle,Overijssel,VBO,6.107223,52.488595
Goeman Borgesiuslaan,3,,,8014AV,Zwolle,Zwolle,Overijssel,VBO,6.106545,52.488483
Goeman Borgesiuslaan,4,,,8014AV,Zwolle,Zwolle,Overijssel,VBO,6.107116,52.488692
Thorbeckelaan,1,,,8014AW,Zwolle,Zwolle,Overijssel,VBO,6.108822,52.488474
Thorbeckelaan,3,,,8014AW,Zwolle,Zwolle,Overijssel,VBO,6.108742,52.488444
Thorbeckelaan,5,,,8014AW,Zwolle,Zwolle,Overijssel,VBO,6.108671,52.488419
Thorbeckelaan,7,,,8014AW,Zwolle,Zwolle,Overijssel,VBO,6.108588,52.488390
Thorbeckelaan,9,,,8014AW,Zwolle,Zwolle,Overijssel,VBO,6.108415,52.488325
Thorbeckelaan,11,,,8014AW,Zwolle,Zwolle,Overijssel,VBO,6.108345,52.488296
Thorbeckelaan,13,,,8014AW,Zwolle,Zwolle,Overijssel,VBO,6.108272,52.488269
Thorbeckelaan,15,,,8014AW,Zwolle,Zwolle,Overijssel,VBO,6.108193,52.488239
Thorbeckelaan,17,,,8014AW,Zwolle,Zwolle,Overijssel,VBO,6.108022,52.488174
Thorbeckelaan,19,,,8014AW,Zwolle,Zwolle,Overijssel,VBO,6.107946,52.488145
Thorbeckelaan,21,,,8014AW,Zwolle,Zwolle,Overijssel,VBO,6.107874,52.488119
Thorbeckelaan,23,,,8014AW,Zwolle,Zwolle,Overijssel,VBO,6.107799,52.488090
Thorbeckelaan,25,,,8014AX,Zwolle,Zwolle,Overijssel,VBO,6.107406,52.487963
Thorbeckelaan,27,,,8014AX,Zwolle,Zwolle,Overijssel,VBO,6.107327,52.487935
Thorbeckelaan,29,,,8014AX,Zwolle,Zwolle,Overijssel,VBO,6.107250,52.487909
Thorbeckelaan,31,,,8014AX,Zwolle,Zwolle,Overijssel,VBO,6.107168,52.487881
Thorbeckelaan,33,,,8014AX,Zwolle,Zwolle,Overijssel,VBO,6.106872,52.487775
Thorbeckelaan,35,,,8014AX,Zwolle,Zwolle,Overijssel,VBO,6.106790,52.487748
Thorbeckelaan,37,,,8014AX,Zwolle,Zwolle,Overijssel,VBO,6.106709,52.487721
Thorbeckelaan,39,,,8014AX,Zwolle,Zwolle,Overijssel,VBO,6.106633,52.487694
Thorbeckelaan,41,,,8014AX,Zwolle,Zwolle,Overijssel,VBO,6.106447,52.487632
Thorbeckelaan,43,,,8014AX,Zwolle,Zwolle,Overijssel,VBO,6.106371,52.487606
Thorbeckelaan,45,,,8014AX,Zwolle,Zwolle,Overijssel,VBO,6.106289,52.487577
Thorbeckelaan,47,,,8014AX,Zwolle,Zwolle,Overijssel,VBO,6.106206,52.487549
Thorbeckelaan,2,A,,8014AZ,Zwolle,Zwolle,Overijssel,VBO,6.107863,52.488610
Thorbeckelaan,2,,,8014AZ,Zwolle,Zwolle,Overijssel,VBO,6.108650,52.489031
Thorbeckelaan,4,,,8014AZ,Zwolle,Zwolle,Overijssel,VBO,6.107439,52.488440
Thorbeckelaan,6,,,8014AZ,Zwolle,Zwolle,Overijssel,VBO,6.106792,52.488199
Thorbeckelaan,8,,,8014AZ,Zwolle,Zwolle,Overijssel,VBO,6.106390,52.488049
Thorbeckelaan,10,,,8014AZ,Zwolle,Zwolle,Overijssel,VBO,6.106298,52.488017
Thorbeckelaan,14,,,8014AZ,Zwolle,Zwolle,Overijssel,VBO,6.105831,52.487367
Thorbeckelaan,16,T,1,8014AZ,Zwolle,Zwolle,Overijssel,VBO,6.105582,52.486977
Groen van Prinstererlaan,1,,,8014BA,Zwolle,Zwolle,Overijssel,VBO,6.109382,52.487935
Groen van Prinstererlaan,3,,,8014BA,Zwolle,Zwolle,Overijssel,VBO,6.109300,52.487904
Groen van Prinstererlaan,5,,,8014BA,Zwolle,Zwolle,Overijssel,VBO,6.109222,52.487875
Groen van Prinstererlaan,7,,,8014BA,Zwolle,Zwolle,Overijssel,VBO,6.109143,52.487846
Groen van Prinstererlaan,9,,,8014BA,Zwolle,Zwolle,Overijssel,VBO,6.108997,52.487784
Groen van Prinstererlaan,11,,,8014BA,Zwolle,Zwolle,Overijssel,VBO,6.108934,52.487761
Groen van Prinstererlaan,13,,,8014BA,Zwolle,Zwolle,Overijssel,VBO,6.108855,52.487730
Groen van Prinstererlaan,15,,,8014BA,Zwolle,Zwolle,Overijssel,VBO,6.108781,52.487703
Groen van Prinstererlaan,17,,,8014BA,Zwolle,Zwolle,Overijssel,VBO,6.108698,52.487673
Groen van Prinstererlaan,19,,,8014BA,Zwolle,Zwolle,Overijssel,VBO,6.108487,52.487650
Groen van Prinstererlaan,21,,,8014BA,Zwolle,Zwolle,Overijssel,VBO,6.108422,52.487608
Groen van Prinstererlaan,23,,,8014BA,Zwolle,Zwolle,Overijssel,VBO,6.108365,52.487568
Groen van Prinstererlaan,25,,,8014BA,Zwolle,Zwolle,Overijssel,VBO,6.108300,52.487527
Groen van Prinstererlaan,27,,,8014BA,Zwolle,Zwolle,Overijssel,VBO,6.107969,52.487399
Groen van Prinstererlaan,29,,,8014BA,Zwolle,Zwolle,Overijssel,VBO,6.107879,52.487384
Groen van Prinstererlaan,31,,,8014BA,Zwolle,Zwolle,Overijssel,VBO,6.107792,52.487369
Groen van Prinstererlaan,33,,,8014BA,Zwolle,Zwolle,Overijssel,VBO,6.107698,52.487353
Groen van Prinstererlaan,35,G,1,8014BA,Zwolle,Zwolle,Overijssel,VBO,6.107719,52.487056
Groen van Prinstererlaan,35,G,2,8014BA,Zwolle,Zwolle,Overijssel,VBO,6.107688,52.487080
Groen van Prinstererlaan,35,G,3,8014BA,Zwolle,Zwolle,Overijssel,VBO,6.107659,52.487117
Groen van Prinstererlaan,35,G,4,8014BA,Zwolle,Zwolle,Overijssel,VBO,6.107630,52.487135
Groen van Prinstererlaan,35,G,5,8014BA,Zwolle,Zwolle,Overijssel,VBO,6.107609,52.487162
Groen van Prinstererlaan,35,,,8014BA,Zwolle,Zwolle,Overijssel,VBO,6.107410,52.487215
Groen van Prinstererlaan,37,,,8014BB,Zwolle,Zwolle,Overijssel,VBO,6.107334,52.487179
Groen van Prinstererlaan,39,,,8014BB,Zwolle,Zwolle,Overijssel,VBO,6.107264,52.487147
Groen van Prinstererlaan,41,,,8014BB,Zwolle,Zwolle,Overijssel,VBO,6.107193,52.487110
Groen van Prinstererlaan,43,,,8014BB,Zwolle,Zwolle,Overijssel,VBO,6.107118,52.487075
Groen van Prinstererlaan,45,,,8014BB,Zwolle,Zwolle,Overijssel,VBO,6.106986,52.487009
Groen van Prinstererlaan,47,,,8014BB,Zwolle,Zwolle,Overijssel,VBO,6.106911,52.486975
Groen van Prinstererlaan,49,,,8014BB,Zwolle,Zwolle,Overijssel,VBO,6.106833,52.486940
Groen van Prinstererlaan,51,,,8014BB,Zwolle,Zwolle,Overijssel,VBO,6.106760,52.486904
Groen van Prinstererlaan,53,,,8014BB,Zwolle,Zwolle,Overijssel,VBO,6.106557,52.486811
Groen van Prinstererlaan,55,,,8014BB,Zwolle,Zwolle,Overijssel,VBO,6.106472,52.486784
Groen van Prinstererlaan,57,,,8014BB,Zwolle,Zwolle,Overijssel,VBO,6.106398,52.486760
Groen van Prinstererlaan,59,,,8014BB,Zwolle,Zwolle,Overijssel,VBO,6.106317,52.486734
Groen van Prinstererlaan,61,,,8014BB,Zwolle,Zwolle,Overijssel,VBO,6.106244,52.486709
Groen van Prinstererlaan,63,,,8014BB,Zwolle,Zwolle,Overijssel,VBO,6.106165,52.486683
Groen van Prinstererlaan,65,,,8014BB,Zwolle,Zwolle,Overijssel,VBO,6.106084,52.486659
Groen van Prinstererlaan,67,,,8014BB,Zwolle,Zwolle,Overijssel,VBO,6.106009,52.486633
Groen van Prinstererlaan,2,,,8014BC,Zwolle,Zwolle,Overijssel,VBO,6.109097,52.488178
Groen van Prinstererlaan,4,,,8014BC,Zwolle,Zwolle,Overijssel,VBO,6.109019,52.488149
Groen van Prinstererlaan,6,,,8014BC,Zwolle,Zwolle,Overijssel,VBO,6.108944,52.488120
Groen van Prinstererlaan,8,,,8014BC,Zwolle,Zwolle,Overijssel,VBO,6.108864,52.488089
Groen van Prinstererlaan,10,,,8014BC,Zwolle,Zwolle,Overijssel,VBO,6.108703,52.488028
Groen van Prinstererlaan,12,,,8014BC,Zwolle,Zwolle,Overijssel,VBO,6.108634,52.488004
Groen van Prinstererlaan,14,,,8014BC,Zwolle,Zwolle,Overijssel,VBO,6.108559,52.487971
Groen van Prinstererlaan,16,,,8014BC,Zwolle,Zwolle,Overijssel,VBO,6.108478,52.487941
Groen van Prinstererlaan,18,,,8014BC,Zwolle,Zwolle,Overijssel,VBO,6.108341,52.487820
Groen van Prinstererlaan,20,,,8014BC,Zwolle,Zwolle,Overijssel,VBO,6.108255,52.487807
Groen van Prinstererlaan,22,,,8014BC,Zwolle,Zwolle,Overijssel,VBO,6.108167,52.487792
Groen van Prinstererlaan,24,,,8014BC,Zwolle,Zwolle,Overijssel,VBO,6.108078,52.487778
Groen van Prinstererlaan,26,,,8014BC,Zwolle,Zwolle,Overijssel,VBO,6.107712,52.487650
Groen van Prinstererlaan,28,,,8014BC,Zwolle,Zwolle,Overijssel,VBO,6.107653,52.487612
Groen van Prinstererlaan,30,,,8014BC,Zwolle,Zwolle,Overijssel,VBO,6.107590,52.487570
Groen van Prinstererlaan,32,G,2,8014BC,Zwolle,Zwolle,Overijssel,VBO,6.107290,52.487660
Groen van Prinstererlaan,32,G,3,8014BC,Zwolle,Zwolle,Overijssel,VBO,6.107271,52.487683
Groen van Prinstererlaan,32,G,4,8014BC,Zwolle,Zwolle,Overijssel,VBO,6.107249,52.487710
Groen van Prinstererlaan,32,G,5,8014BC,Zwolle,Zwolle,Overijssel,VBO,6.107225,52.487732
Groen van Prinstererlaan,32,,,8014BC,Zwolle,Zwolle,Overijssel,VBO,6.107528,52.487527
Groen van Prinstererlaan,34,G,2,8014BC,Zwolle,Zwolle,Overijssel,VBO,6.107095,52.487695
Groen van Prinstererlaan,34,G,3,8014BC,Zwolle,Zwolle,Overijssel,VBO,6.107123,52.487659
Groen van Prinstererlaan,34,G,4,8014BC,Zwolle,Zwolle,Overijssel,VBO,6.107152,52.487632
Groen van Prinstererlaan,34,G,5,8014BC,Zwolle,Zwolle,Overijssel,VBO,6.107172,52.487608
Groen van Prinstererlaan,34,G,6,8014BC,Zwolle,Zwolle,Overijssel,VBO,6.107196,52.487584
Groen van Prinstererlaan,34,,,8014BC,Zwolle,Zwolle,Overijssel,VBO,6.107207,52.487426
Groen van Prinstererlaan,36,,,8014BC,Zwolle,Zwolle,Overijssel,VBO,6.107129,52.487395
Groen van Prinstererlaan,38,,,8014BC,Zwolle,Zwolle,Overijssel,VBO,6.107059,52.487364
Groen van Prinstererlaan,40,,,8014BD,Zwolle,Zwolle,Overijssel,VBO,6.106986,52.487332
Groen van Prinstererlaan,42,,,8014BD,Zwolle,Zwolle,Overijssel,VBO,6.106803,52.487255
Groen van Prinstererlaan,44,,,8014BD,Zwolle,Zwolle,Overijssel,VBO,6.106728,52.487223
Groen van Prinstererlaan,46,,,8014BD,Zwolle,Zwolle,Overijssel,VBO,6.106654,52.487192
Groen van Prinstererlaan,48,G,2,8014BD,Zwolle,Zwolle,Overijssel,VBO,6.106302,52.487291
Groen van Prinstererlaan,48,G,3,8014BD,Zwolle,Zwolle,Overijssel,VBO,6.106285,52.487314
Groen van Prinstererlaan,48,G,4,8014BD,Zwolle,Zwolle,Overijssel,VBO,6.106259,52.487335
Groen van Prinstererlaan,48,G,5,8014BD,Zwolle,Zwolle,Overijssel,VBO,6.106234,52.487363
Groen van Prinstererlaan,48,,,8014BD,Zwolle,Zwolle,Overijssel,VBO,6.106579,52.487161
Groen van Prinstererlaan,50,,,8014BD,Zwolle,Zwolle,Overijssel,VBO,6.106281,52.487053
Groen van Prinstererlaan,52,,,8014BD,Zwolle,Zwolle,Overijssel,VBO,6.106213,52.487016
Groen van Prinstererlaan,54,,,8014BD,Zwolle,Zwolle,Overijssel,VBO,6.106148,52.486984
Groen van Prinstererlaan,56,,,8014BD,Zwolle,Zwolle,Overijssel,VBO,6.106085,52.486950
Groen van Prinstererlaan,58,,,8014BD,Zwolle,Zwolle,Overijssel,VBO,6.106015,52.486913
Groen van Prinstererlaan,60,,,8014BD,Zwolle,Zwolle,Overijssel,VBO,6.105949,52.486881
Groen van Prinstererlaan,62,,,8014BD,Zwolle,Zwolle,Overijssel,VBO,6.105882,52.486849
Groen van Prinstererlaan,64,,,8014BD,Zwolle,Zwolle,Overijssel,VBO,6.105812,52.486812
Hollewandsweg,7,,,8014BE,Zwolle,Zwolle,Overijssel,VBO,6.118941,52.481131
Hollewandsweg,11,,,8014BE,Zwolle,Zwolle,Overijssel,VBO,6.119975,52.480141
Hollewandsweg,13,T,1,8014BE,Zwolle,Zwolle,Overijssel,VBO,6.120525,52.480183
Hollewandsweg,13,,,8014BE,Zwolle,Zwolle,Overijssel,VBO,6.120013,52.480102
Hollewandsweg,15,A,,8014BE,Zwolle,Zwolle,Overijssel,VBO,6.121639,52.479661
Hollewandsweg,15,B,,8014BE,Zwolle,Zwolle,Overijssel,VBO,6.121224,52.480469
Hollewandsweg,15,C,,8014BE,Zwolle,Zwolle,Overijssel,VBO,6.121791,52.479085
Hollewandsweg,15,,,8014BE,Zwolle,Zwolle,Overijssel,VBO,6.121223,52.479451
Hollewandsweg,17,,,8014BE,Zwolle,Zwolle,Overijssel,VBO,6.126813,52.475193
Hollewandsweg,19,A,,8014BE,Zwolle,Zwolle,Overijssel,VBO,6.127285,52.474456
Hollewandsweg,19,B,,8014BE,Zwolle,Zwolle,Overijssel,VBO,6.127287,52.474534
Hollewandsweg,19,C,,8014BE,Zwolle,Zwolle,Overijssel,VBO,6.127285,52.474606
Hollewandsweg,19,D,,8014BE,Zwolle,Zwolle,Overijssel,VBO,6.127291,52.474693
Hollewandsweg,19,E,,8014BE,Zwolle,Zwolle,Overijssel,VBO,6.127442,52.474685
Hollewandsweg,19,F,,8014BE,Zwolle,Zwolle,Overijssel,VBO,6.127437,52.474602
Hollewandsweg,19,G,,8014BE,Zwolle,Zwolle,Overijssel,VBO,6.127437,52.474532
Hollewandsweg,19,H,,8014BE,Zwolle,Zwolle,Overijssel,VBO,6.127436,52.474450
Hollewandsweg,21,,,8014BE,Zwolle,Zwolle,Overijssel,VBO,6.129139,52.472876
Van 't Endehof,1,,,8014BG,Zwolle,Zwolle,Overijssel,VBO,6.111551,52.488370
Van 't Endehof,2,,,8014BG,Zwolle,Zwolle,Overijssel,VBO,6.111629,52.488399
Van 't Endehof,3,,,8014BG,Zwolle,Zwolle,Overijssel,VBO,6.111744,52.488497
Van 't Endehof,4,,,8014BG,Zwolle,Zwolle,Overijssel,VBO,6.111825,52.488523
Van 't Endehof,5,,,8014BG,Zwolle,Zwolle,Overijssel,VBO,6.112031,52.488506
Van 't Endehof,6,,,8014BG,Zwolle,Zwolle,Overijssel,VBO,6.112051,52.488313
Van 't Endehof,7,,,8014BG,Zwolle,Zwolle,Overijssel,VBO,6.112098,52.488269
Van 't Endehof,8,,,8014BG,Zwolle,Zwolle,Overijssel,VBO,6.112309,52.488140
Van 't Endehof,9,,,8014BG,Zwolle,Zwolle,Overijssel,VBO,6.112235,52.488115
Van 't Endehof,10,,,8014BG,Zwolle,Zwolle,Overijssel,VBO,6.111864,52.488160
Van 't Endehof,11,,,8014BG,Zwolle,Zwolle,Overijssel,VBO,6.111817,52.488206
Hollewandsweg,2,,,8014BH,Zwolle,Zwolle,Overijssel,VBO,6.118078,52.481365
Hollewandsweg,4,,,8014BH,Zwolle,Zwolle,Overijssel,VBO,6.119298,52.480180
Hollewandsweg,6,,,8014BH,Zwolle,Zwolle,Overijssel,VBO,6.120984,52.478596
Hollewandsweg,14,,,8014BH,Zwolle,Zwolle,Overijssel,VBO,6.121931,52.477598
Hollewandsweg,16,,,8014BH,Zwolle,Zwolle,Overijssel,VBO,6.122000,52.477527
Hollewandsweg,18,A,,8014BH,Zwolle,Zwolle,Overijssel,STA,6.122989,52.476451
Hollewandsweg,18,B,,8014BH,Zwolle,Zwolle,Overijssel,STA,6.123104,52.476379
Hollewandsweg,18,C,,8014BH,Zwolle,Zwolle,Overijssel,STA,6.123210,52.476312
Hollewandsweg,18,D,,8014BH,Zwolle,Zwolle,Overijssel,STA,6.123309,52.476245
Hollewandsweg,18,E,,8014BH,Zwolle,Zwolle,Overijssel,STA,6.123403,52.476161
Hollewandsweg,18,F,,8014BH,Zwolle,Zwolle,Overijssel,STA,6.123481,52.476075
Hollewandsweg,18,G,,8014BH,Zwolle,Zwolle,Overijssel,STA,6.123553,52.475996
Hollewandsweg,18,H,,8014BH,Zwolle,Zwolle,Overijssel,STA,6.123630,52.475905
Hollewandsweg,18,I,,8014BH,Zwolle,Zwolle,Overijssel,STA,6.123213,52.475757
Hollewandsweg,18,J,,8014BH,Zwolle,Zwolle,Overijssel,STA,6.123120,52.475866
Hollewandsweg,18,K,,8014BH,Zwolle,Zwolle,Overijssel,STA,6.123038,52.475964
Hollewandsweg,18,L,,8014BH,Zwolle,Zwolle,Overijssel,STA,6.122753,52.476188
Hollewandsweg,18,M,,8014BH,Zwolle,Zwolle,Overijssel,STA,6.122661,52.476260
Hollewandsweg,18,N,,8014BH,Zwolle,Zwolle,Overijssel,STA,6.122534,52.476356
Hollewandsweg,18,,,8014BH,Zwolle,Zwolle,Overijssel,VBO,6.122550,52.476669
Hollewandsweg,20,A,,8014BH,Zwolle,Zwolle,Overijssel,VBO,6.126664,52.473745
Hollewandsweg,20,B,,8014BH,Zwolle,Zwolle,Overijssel,VBO,6.126886,52.473582
Hollewandsweg,20,C,,8014BH,Zwolle,Zwolle,Overijssel,VBO,6.127108,52.473428
Hollewandsweg,20,D,,8014BH,Zwolle,Zwolle,Overijssel,VBO,6.127426,52.473230
Hollewandsweg,20,,1,8014BH,Zwolle,Zwolle,Overijssel,VBO,6.126069,52.473967
Hollewandsweg,20,,2,8014BH,Zwolle,Zwolle,Overijssel,VBO,6.125896,52.473859
Hollewandsweg,20,,,8014BH,Zwolle,Zwolle,Overijssel,VBO,6.126206,52.474001
Hollewandsweg,22,,,8014BH,Zwolle,Zwolle,Overijssel,VBO,6.128481,52.472509
De Mars,9,,,8014BJ,Zwolle,Zwolle,Overijssel,VBO,6.120456,52.481621
De Mars,10,,,8014BJ,Zwolle,Zwolle,Overijssel,VBO,6.121568,52.481405
De Mars,11,A,,8014BJ,Zwolle,Zwolle,Overijssel,VBO,6.120623,52.481856
De Mars,11,B,,8014BJ,Zwolle,Zwolle,Overijssel,VBO,6.120590,52.481893
De Mars,19,T,1,8014BJ,Zwolle,Zwolle,Overijssel,VBO,6.130029,52.484107
De Mars,19,,,8014BJ,Zwolle,Zwolle,Overijssel,VBO,6.126900,52.482573
De Mars,25,,,8014BJ,Zwolle,Zwolle,Overijssel,VBO,6.127828,52.482541
De Mars,27,,,8014BJ,Zwolle,Zwolle,Overijssel,VBO,6.131211,52.478292
IJsselcentraleweg,1,,,8014BK,Zwolle,Zwolle,Overijssel,VBO,6.119878,52.479176
IJsselcentraleweg,2,,,8014BK,Zwolle,Zwolle,Overijssel,VBO,6.115867,52.478313
IJsselcentraleweg,3,,,8014BK,Zwolle,Zwolle,Overijssel,VBO,6.120175,52.478917
IJsselcentraleweg,5,,,8014BK,Zwolle,Zwolle,Overijssel,VBO,6.120232,52.478863
IJsselcentraleweg,9,,,8014BK,Zwolle,Zwolle,Overijssel,VBO,6.118581,52.478055
IJsselcentraleweg,21,,,8014BK,Zwolle,Zwolle,Overijssel,VBO,6.114678,52.477220
IJsselcentraleweg,25,A,,8014BK,Zwolle,Zwolle,Overijssel,VBO,6.113715,52.476471
IJsselcentraleweg,25,,,8014BK,Zwolle,Zwolle,Overijssel,VBO,6.114112,52.476762
IJsselcentraleweg,35,A,,8014BK,Zwolle,Zwolle,Overijssel,VBO,6.112624,52.474440
IJsselcentraleweg,35,,,8014BK,Zwolle,Zwolle,Overijssel,VBO,6.112089,52.474872
IJsselcentraleweg,37,,,8014BK,Zwolle,Zwolle,Overijssel,STA,6.113162,52.476021
IJsselcentraleweg,39,,,8014BK,Zwolle,Zwolle,Overijssel,STA,6.113226,52.476086
IJsselcentraleweg,41,,,8014BK,Zwolle,Zwolle,Overijssel,STA,6.113289,52.476151
IJsselcentraleweg,43,,,8014BK,Zwolle,Zwolle,Overijssel,STA,6.113353,52.476216
IJsselcentraleweg,45,,,8014BK,Zwolle,Zwolle,Overijssel,STA,6.113485,52.476351
IJsselcentraleweg,47,,,8014BK,Zwolle,Zwolle,Overijssel,STA,6.113859,52.476149
IJsselcentraleweg,49,,,8014BK,Zwolle,Zwolle,Overijssel,STA,6.113778,52.476064
IJsselcentraleweg,51,,,8014BK,Zwolle,Zwolle,Overijssel,STA,6.113695,52.475978
IJsselcentraleweg,53,,,8014BK,Zwolle,Zwolle,Overijssel,STA,6.113612,52.475893
IJsselcentraleweg,55,,,8014BK,Zwolle,Zwolle,Overijssel,STA,6.113529,52.475808
IJsselcentraleweg,59,,,8014BK,Zwolle,Zwolle,Overijssel,STA,6.112949,52.475808
IJsselcentraleweg,61,,,8014BK,Zwolle,Zwolle,Overijssel,STA,6.113035,52.475891
IJsselcentraleweg,63,,,8014BK,Zwolle,Zwolle,Overijssel,VBO,6.112971,52.475479
IJsselcentraleweg,65,A,,8014BK,Zwolle,Zwolle,Overijssel,VBO,6.113416,52.475317
IJsselcentraleweg,65,,,8014BK,Zwolle,Zwolle,Overijssel,VBO,6.113483,52.475419
IJsselcentraleweg,220,,,8014BK,Zwolle,Zwolle,Overijssel,VBO,6.112288,52.468779
Rozeboomlaan,1,,,8014BZ,Zwolle,Zwolle,Overijssel,VBO,6.107032,52.490090
Rozeboomlaan,2,,,8014BZ,Zwolle,Zwolle,Overijssel,VBO,6.107611,52.490466
Rozeboomlaan,3,,,8014BZ,Zwolle,Zwolle,Overijssel,VBO,6.106952,52.490072
Rozeboomlaan,4,,,8014BZ,Zwolle,Zwolle,Overijssel,VBO,6.107589,52.490541
Rozeboomlaan,5,,,8014BZ,Zwolle,Zwolle,Overijssel,VBO,6.106783,52.490019
Rozeboomlaan,6,,,8014BZ,Zwolle,Zwolle,Overijssel,VBO,6.107538,52.490589
Rozeboomlaan,7,,,8014BZ,Zwolle,Zwolle,Overijssel,VBO,6.106702,52.489996
Rozeboomlaan,8,,,8014BZ,Zwolle,Zwolle,Overijssel,VBO,6.107651,52.490483
Rozeboomlaan,9,,,8014BZ,Zwolle,Zwolle,Overijssel,VBO,6.106533,52.489947
Rozeboomlaan,10,,,8014BZ,Zwolle,Zwolle,Overijssel,VBO,6.107628,52.490554
Rozeboomlaan,11,,,8014BZ,Zwolle,Zwolle,Overijssel,VBO,6.106448,52.489925
Rozeboomlaan,12,,,8014BZ,Zwolle,Zwolle,Overijssel,VBO,6.107578,52.490604
Rozeboomlaan,13,,,8014BZ,Zwolle,Zwolle,Overijssel,VBO,6.106284,52.489874
Rozeboomlaan,14,,,8014BZ,Zwolle,Zwolle,Overijssel,VBO,6.107689,52.490496
Rozeboomlaan,15,,,8014BZ,Zwolle,Zwolle,Overijssel,VBO,6.106201,52.489850
Rozeboomlaan,16,,,8014BZ,Zwolle,Zwolle,Overijssel,VBO,6.107662,52.490567
Rozeboomlaan,17,,,8014BZ,Zwolle,Zwolle,Overijssel,VBO,6.105976,52.489742
Rozeboomlaan,18,,,8014BZ,Zwolle,Zwolle,Overijssel,VBO,6.107333,52.490405
Rozeboomlaan,19,,,8014BZ,Zwolle,Zwolle,Overijssel,VBO,6.105910,52.489709
Rozeboomlaan,20,,,8014BZ,Zwolle,Zwolle,Overijssel,VBO,6.107251,52.490389
Rozeboomlaan,21,,,8014BZ,Zwolle,Zwolle,Overijssel,VBO,6.105844,52.489677
Rozeboomlaan,22,,,8014BZ,Zwolle,Zwolle,Overijssel,VBO,6.107179,52.490370
Rozeboomlaan,23,,,8014BZ,Zwolle,Zwolle,Overijssel,VBO,6.105779,52.489645
Rozeboomlaan,24,,,8014BZ,Zwolle,Zwolle,Overijssel,VBO,6.107106,52.490349
Rozeboomlaan,25,,,8014BZ,Zwolle,Zwolle,Overijssel,VBO,6.105706,52.489613
Rozeboomlaan,26,,,8014BZ,Zwolle,Zwolle,Overijssel,VBO,6.107036,52.490315
Rozeboomlaan,27,,,8014BZ,Zwolle,Zwolle,Overijssel,VBO,6.105567,52.489514
Rozeboomlaan,28,,,8014BZ,Zwolle,Zwolle,Overijssel,VBO,6.106957,52.490292
Rozeboomlaan,29,,,8014BZ,Zwolle,Zwolle,Overijssel,VBO,6.105554,52.489460
Rozeboomlaan,30,,,8014BZ,Zwolle,Zwolle,Overijssel,VBO,6.106802,52.490253
Rozeboomlaan,31,,,8014BZ,Zwolle,Zwolle,Overijssel,VBO,6.105524,52.489412
Rozeboomlaan,32,,,8014BZ,Zwolle,Zwolle,Overijssel,VBO,6.106719,52.490231
Rozeboomlaan,33,,,8014BZ,Zwolle,Zwolle,Overijssel,VBO,6.105494,52.489364
Rozeboomlaan,34,,,8014BZ,Zwolle,Zwolle,Overijssel,VBO,6.106639,52.490215
Rozeboomlaan,35,,,8014BZ,Zwolle,Zwolle,Overijssel,VBO,6.105442,52.489318
Rozeboomlaan,36,,,8014BZ,Zwolle,Zwolle,Overijssel,VBO,6.106563,52.490192
Rozeboomlaan,37,,,8014BZ,Zwolle,Zwolle,Overijssel,VBO,6.105416,52.489192
Rozeboomlaan,38,,,8014BZ,Zwolle,Zwolle,Overijssel,VBO,6.106488,52.490170
Rozeboomlaan,39,,,8014BZ,Zwolle,Zwolle,Overijssel,VBO,6.105445,52.489138
Rozeboomlaan,40,,,8014BZ,Zwolle,Zwolle,Overijssel,VBO,6.106411,52.490147
Rozeboomlaan,41,,,8014BZ,Zwolle,Zwolle,Overijssel,VBO,6.105453,52.489087
Rozeboomlaan,43,,,8014BZ,Zwolle,Zwolle,Overijssel,VBO,6.105462,52.489036
Rozeboomlaan,45,,,8014BZ,Zwolle,Zwolle,Overijssel,VBO,6.105467,52.488990
Rozeboomlaan,60,,,8014BZ,Zwolle,Zwolle,Overijssel,VBO,6.105491,52.488808
Rozeboomlaan,62,,,8014BZ,Zwolle,Zwolle,Overijssel,VBO,6.105668,52.488882
Rozeboomlaan,64,,,8014BZ,Zwolle,Zwolle,Overijssel,VBO,6.105710,52.488899
Rozeboomlaan,66,,,8014BZ,Zwolle,Zwolle,Overijssel,VBO,6.105918,52.488981
Rozeboomlaan,68,,,8014BZ,Zwolle,Zwolle,Overijssel,VBO,6.105963,52.488997
Rozeboomlaan,70,,,8014BZ,Zwolle,Zwolle,Overijssel,VBO,6.106136,52.489100
Rozeboomlaan,72,,,8014BZ,Zwolle,Zwolle,Overijssel,VBO,6.106166,52.489121
Rozeboomlaan,74,,,8014BZ,Zwolle,Zwolle,Overijssel,VBO,6.106288,52.489248
Rozeboomlaan,76,,,8014BZ,Zwolle,Zwolle,Overijssel,VBO,6.106307,52.489276
Rozeboomlaan,78,,,8014BZ,Zwolle,Zwolle,Overijssel,VBO,6.106355,52.489419
Rozeboomlaan,80,,,8014BZ,Zwolle,Zwolle,Overijssel,VBO,6.106357,52.489448
Rozeboomlaan,82,,,8014BZ,Zwolle,Zwolle,Overijssel,VBO,6.106329,52.489595
Rozeboomlaan,84,,,8014BZ,Zwolle,Zwolle,Overijssel,VBO,6.106316,52.489623
Kadeneterkamp,2,,,8014CA,Zwolle,Zwolle,Overijssel,VBO,6.110242,52.492053
Kadeneterkamp,4,,,8014CA,Zwolle,Zwolle,Overijssel,VBO,6.110169,52.492056
Kadeneterkamp,6,,,8014CA,Zwolle,Zwolle,Overijssel,VBO,6.110086,52.492044
Kadeneterkamp,8,,,8014CA,Zwolle,Zwolle,Overijssel,VBO,6.110005,52.492031
Kadeneterkamp,10,,,8014CA,Zwolle,Zwolle,Overijssel,VBO,6.109927,52.492021
Kadeneterkamp,12,,,8014CA,Zwolle,Zwolle,Overijssel,VBO,6.109849,52.492010
Kadeneterkamp,14,,,8014CA,Zwolle,Zwolle,Overijssel,VBO,6.109764,52.491997
Kadeneterkamp,16,,,8014CA,Zwolle,Zwolle,Overijssel,VBO,6.109663,52.491977
Kadeneterkamp,18,,,8014CA,Zwolle,Zwolle,Overijssel,VBO,6.109552,52.491977
Kadeneterkamp,20,,,8014CA,Zwolle,Zwolle,Overijssel,VBO,6.109472,52.491977
Kadeneterkamp,22,,,8014CA,Zwolle,Zwolle,Overijssel,VBO,6.109385,52.491964
Kadeneterkamp,24,,,8014CA,Zwolle,Zwolle,Overijssel,VBO,6.109305,52.491956
Kadeneterkamp,26,,,8014CA,Zwolle,Zwolle,Overijssel,VBO,6.109234,52.491948
Kadeneterkamp,28,,,8014CA,Zwolle,Zwolle,Overijssel,VBO,6.109194,52.491923
Kadeneterkamp,30,,,8014CA,Zwolle,Zwolle,Overijssel,VBO,6.109178,52.491882
Kadeneterkamp,32,,,8014CA,Zwolle,Zwolle,Overijssel,VBO,6.109154,52.491830
Kadeneterkamp,34,,,8014CA,Zwolle,Zwolle,Overijssel,VBO,6.109136,52.491783
Kadeneterkamp,36,,,8014CA,Zwolle,Zwolle,Overijssel,VBO,6.109115,52.491730
Kadeneterkamp,38,,,8014CA,Zwolle,Zwolle,Overijssel,VBO,6.108938,52.491735
Kadeneterkamp,40,,,8014CA,Zwolle,Zwolle,Overijssel,VBO,6.108827,52.491846
Kadeneterkamp,42,,,8014CA,Zwolle,Zwolle,Overijssel,VBO,6.108759,52.491863
Kadeneterkamp,44,,,8014CA,Zwolle,Zwolle,Overijssel,VBO,6.108672,52.491879
Kadeneterkamp,46,,,8014CA,Zwolle,Zwolle,Overijssel,VBO,6.108590,52.491891
Kadeneterkamp,48,T,1,8014CA,Zwolle,Zwolle,Overijssel,VBO,6.108367,52.492225
Kadeneterkamp,48,,,8014CA,Zwolle,Zwolle,Overijssel,VBO,6.108507,52.491901
Kadeneterkamp,52,,,8014CB,Zwolle,Zwolle,Overijssel,VBO,6.108255,52.491928
Kadeneterkamp,54,,,8014CB,Zwolle,Zwolle,Overijssel,VBO,6.108233,52.491875
Kadeneterkamp,56,,,8014CB,Zwolle,Zwolle,Overijssel,VBO,6.108211,52.491825
Kadeneterkamp,58,,,8014CB,Zwolle,Zwolle,Overijssel,VBO,6.108180,52.491773
Kadeneterkamp,60,,,8014CB,Zwolle,Zwolle,Overijssel,VBO,6.108161,52.491723
Kadeneterkamp,62,,,8014CB,Zwolle,Zwolle,Overijssel,VBO,6.108131,52.491673
Kadeneterkamp,64,,,8014CB,Zwolle,Zwolle,Overijssel,VBO,6.108331,52.491557
Kadeneterkamp,66,,,8014CB,Zwolle,Zwolle,Overijssel,VBO,6.108421,52.491543
Kadeneterkamp,68,,,8014CB,Zwolle,Zwolle,Overijssel,VBO,6.108508,52.491526
Kadeneterkamp,70,,,8014CB,Zwolle,Zwolle,Overijssel,VBO,6.108589,52.491508
Kadeneterkamp,72,,,8014CB,Zwolle,Zwolle,Overijssel,VBO,6.108671,52.491489
Kadeneterkamp,74,,,8014CB,Zwolle,Zwolle,Overijssel,VBO,6.108743,52.491478
Kadeneterkamp,76,,,8014CB,Zwolle,Zwolle,Overijssel,VBO,6.108820,52.491465
Kadeneterkamp,78,,,8014CB,Zwolle,Zwolle,Overijssel,VBO,6.108923,52.491498
Kadeneterkamp,80,,,8014CB,Zwolle,Zwolle,Overijssel,VBO,6.109006,52.491484
Kadeneterkamp,82,,,8014CB,Zwolle,Zwolle,Overijssel,VBO,6.108995,52.491363
Kadeneterkamp,84,,,8014CB,Zwolle,Zwolle,Overijssel,VBO,6.108909,52.491175
Kadeneterkamp,86,,,8014CB,Zwolle,Zwolle,Overijssel,VBO,6.108995,52.491161
Kadeneterkamp,88,,,8014CB,Zwolle,Zwolle,Overijssel,VBO,6.109056,52.491104
Kadeneterkamp,90,,,8014CB,Zwolle,Zwolle,Overijssel,VBO,6.109131,52.491089
Kadeneterkamp,92,,,8014CB,Zwolle,Zwolle,Overijssel,VBO,6.109228,52.491074
Kadeneterkamp,94,,,8014CB,Zwolle,Zwolle,Overijssel,VBO,6.109311,52.491059
Kadeneterkamp,96,,,8014CB,Zwolle,Zwolle,Overijssel,VBO,6.109394,52.491045
Kadeneterkamp,98,,,8014CB,Zwolle,Zwolle,Overijssel,VBO,6.109462,52.491032
Kadeneterkamp,1,,,8014CC,Zwolle,Zwolle,Overijssel,VBO,6.110368,52.491502
Kadeneterkamp,3,,,8014CC,Zwolle,Zwolle,Overijssel,VBO,6.110339,52.491567
Kadeneterkamp,5,,,8014CC,Zwolle,Zwolle,Overijssel,VBO,6.110320,52.491620
Kadeneterkamp,7,,,8014CC,Zwolle,Zwolle,Overijssel,VBO,6.110303,52.491671
Kadeneterkamp,9,,,8014CC,Zwolle,Zwolle,Overijssel,VBO,6.110284,52.491723
Kadeneterkamp,11,,,8014CC,Zwolle,Zwolle,Overijssel,VBO,6.110266,52.491771
Kadeneterkamp,13,,,8014CC,Zwolle,Zwolle,Overijssel,VBO,6.110249,52.491820
Kadeneterkamp,15,,,8014CC,Zwolle,Zwolle,Overijssel,VBO,6.110234,52.491869
Kadeneterkamp,17,,,8014CC,Zwolle,Zwolle,Overijssel,VBO,6.109915,52.491783
Kadeneterkamp,19,,,8014CC,Zwolle,Zwolle,Overijssel,VBO,6.109830,52.491777
Kadeneterkamp,21,,,8014CC,Zwolle,Zwolle,Overijssel,VBO,6.109752,52.491765
Kadeneterkamp,23,,,8014CC,Zwolle,Zwolle,Overijssel,VBO,6.109665,52.491753
Kadeneterkamp,25,,,8014CC,Zwolle,Zwolle,Overijssel,VBO,6.109570,52.491738
Kadeneterkamp,27,,,8014CC,Zwolle,Zwolle,Overijssel,VBO,6.109512,52.491665
Kadeneterkamp,29,,,8014CC,Zwolle,Zwolle,Overijssel,VBO,6.109483,52.491612
Kadeneterkamp,31,,,8014CC,Zwolle,Zwolle,Overijssel,VBO,6.109466,52.491562
Kadeneterkamp,33,,,8014CC,Zwolle,Zwolle,Overijssel,VBO,6.109442,52.491516
Kadeneterkamp,35,,,8014CC,Zwolle,Zwolle,Overijssel,VBO,6.109412,52.491467
Kadeneterkamp,37,,,8014CC,Zwolle,Zwolle,Overijssel,VBO,6.109391,52.491416
Kadeneterkamp,39,,,8014CC,Zwolle,Zwolle,Overijssel,VBO,6.109374,52.491370
Kadeneterkamp,41,,,8014CC,Zwolle,Zwolle,Overijssel,VBO,6.109481,52.491313
Kadeneterkamp,43,,,8014CC,Zwolle,Zwolle,Overijssel,VBO,6.109813,52.491241
Knoppertkamp,2,,,8014CD,Zwolle,Zwolle,Overijssel,VBO,6.110283,52.490715
Knoppertkamp,4,,,8014CD,Zwolle,Zwolle,Overijssel,VBO,6.110243,52.490756
Knoppertkamp,6,,,8014CD,Zwolle,Zwolle,Overijssel,VBO,6.110184,52.490783
Knoppertkamp,8,,,8014CD,Zwolle,Zwolle,Overijssel,VBO,6.110123,52.490895
Knoppertkamp,10,,,8014CD,Zwolle,Zwolle,Overijssel,VBO,6.110166,52.490949
Knoppertkamp,12,,,8014CD,Zwolle,Zwolle,Overijssel,VBO,6.110191,52.491000
Knoppertkamp,14,,,8014CD,Zwolle,Zwolle,Overijssel,VBO,6.110220,52.491055
Knoppertkamp,16,,,8014CD,Zwolle,Zwolle,Overijssel,VBO,6.110242,52.491105
Knoppertkamp,18,,,8014CD,Zwolle,Zwolle,Overijssel,VBO,6.110254,52.491153
Knoppertkamp,20,,,8014CD,Zwolle,Zwolle,Overijssel,VBO,6.110393,52.491234
Knoppertkamp,22,,,8014CD,Zwolle,Zwolle,Overijssel,VBO,6.110458,52.491241
Knoppertkamp,24,,,8014CD,Zwolle,Zwolle,Overijssel,VBO,6.110547,52.491253
Knoppertkamp,26,,,8014CD,Zwolle,Zwolle,Overijssel,VBO,6.110618,52.491263
Knoppertkamp,28,,,8014CD,Zwolle,Zwolle,Overijssel,VBO,6.111136,52.491376
Knoppertkamp,30,,,8014CD,Zwolle,Zwolle,Overijssel,VBO,6.111151,52.491329
Knoppertkamp,32,,,8014CD,Zwolle,Zwolle,Overijssel,VBO,6.111229,52.491290
Knoppertkamp,34,,,8014CD,Zwolle,Zwolle,Overijssel,VBO,6.111244,52.491245
Knoppertkamp,36,,,8014CD,Zwolle,Zwolle,Overijssel,VBO,6.111264,52.491200
Knoppertkamp,38,,,8014CD,Zwolle,Zwolle,Overijssel,VBO,6.111284,52.491157
Knoppertkamp,40,,,8014CD,Zwolle,Zwolle,Overijssel,VBO,6.111298,52.491115
Knoppertkamp,42,,,8014CD,Zwolle,Zwolle,Overijssel,VBO,6.111255,52.491003
Knoppertkamp,44,,,8014CD,Zwolle,Zwolle,Overijssel,VBO,6.111188,52.490966
Knoppertkamp,1,,,8014CE,Zwolle,Zwolle,Overijssel,VBO,6.110175,52.490303
Knoppertkamp,3,,,8014CE,Zwolle,Zwolle,Overijssel,VBO,6.110207,52.490388
Knoppertkamp,5,,,8014CE,Zwolle,Zwolle,Overijssel,VBO,6.110160,52.490422
Knoppertkamp,7,,,8014CE,Zwolle,Zwolle,Overijssel,VBO,6.110111,52.490472
Knoppertkamp,9,,,8014CE,Zwolle,Zwolle,Overijssel,VBO,6.110065,52.490516
Knoppertkamp,11,,,8014CE,Zwolle,Zwolle,Overijssel,VBO,6.109946,52.490528
Knoppertkamp,13,,,8014CE,Zwolle,Zwolle,Overijssel,VBO,6.109903,52.490571
Knoppertkamp,15,,,8014CE,Zwolle,Zwolle,Overijssel,VBO,6.109850,52.490620
Knoppertkamp,17,,,8014CE,Zwolle,Zwolle,Overijssel,VBO,6.109802,52.490661
Knoppertkamp,19,,,8014CE,Zwolle,Zwolle,Overijssel,VBO,6.109762,52.490703
Knoppertkamp,21,,,8014CE,Zwolle,Zwolle,Overijssel,VBO,6.109657,52.490820
Knoppertkamp,23,,,8014CE,Zwolle,Zwolle,Overijssel,VBO,6.109680,52.490871
Knoppertkamp,25,,,8014CE,Zwolle,Zwolle,Overijssel,VBO,6.109758,52.490915
Knoppertkamp,27,,,8014CE,Zwolle,Zwolle,Overijssel,VBO,6.109777,52.490967
Knoppertkamp,29,,,8014CE,Zwolle,Zwolle,Overijssel,VBO,6.109806,52.491018
Knoppertkamp,31,,,8014CE,Zwolle,Zwolle,Overijssel,VBO,6.109829,52.491059
Knoppertkamp,33,,,8014CE,Zwolle,Zwolle,Overijssel,VBO,6.109956,52.491259
Knoppertkamp,35,,,8014CE,Zwolle,Zwolle,Overijssel,VBO,6.109986,52.491299
Knoppertkamp,37,,,8014CE,Zwolle,Zwolle,Overijssel,VBO,6.110020,52.491356
Knoppertkamp,39,,,8014CE,Zwolle,Zwolle,Overijssel,VBO,6.110037,52.491401
Knoppertkamp,41,,,8014CE,Zwolle,Zwolle,Overijssel,VBO,6.110228,52.491461
Knoppertkamp,43,,,8014CG,Zwolle,Zwolle,Overijssel,VBO,6.110901,52.491567
Knoppertkamp,45,,,8014CG,Zwolle,Zwolle,Overijssel,VBO,6.110973,52.491576
Knoppertkamp,47,,,8014CG,Zwolle,Zwolle,Overijssel,VBO,6.111056,52.491586
Knoppertkamp,49,,,8014CG,Zwolle,Zwolle,Overijssel,VBO,6.111162,52.491699
Knoppertkamp,51,,,8014CG,Zwolle,Zwolle,Overijssel,VBO,6.111140,52.491747
Knoppertkamp,53,,,8014CG,Zwolle,Zwolle,Overijssel,VBO,6.111122,52.491793
Knoppertkamp,55,,,8014CG,Zwolle,Zwolle,Overijssel,VBO,6.111098,52.491838
Knoppertkamp,57,,,8014CG,Zwolle,Zwolle,Overijssel,VBO,6.111086,52.491880
Knoppertkamp,59,,,8014CG,Zwolle,Zwolle,Overijssel,VBO,6.111070,52.491923
Knoppertkamp,61,,,8014CG,Zwolle,Zwolle,Overijssel,VBO,6.111063,52.491962
Knoppertkamp,63,,,8014CG,Zwolle,Zwolle,Overijssel,VBO,6.110977,52.492002
Knoppertkamp,65,,,8014CG,Zwolle,Zwolle,Overijssel,VBO,6.110954,52.492044
Knoppertkamp,67,,,8014CG,Zwolle,Zwolle,Overijssel,VBO,6.110940,52.492094
Knoppertkamp,69,,,8014CG,Zwolle,Zwolle,Overijssel,VBO,6.110930,52.492133
Gruitmeesterslaan,6,,,8014CH,Zwolle,Zwolle,Overijssel,VBO,6.110935,52.490797
Gruitmeesterslaan,8,,,8014CH,Zwolle,Zwolle,Overijssel,VBO,6.110859,52.490762
Gruitmeesterslaan,10,,,8014CH,Zwolle,Zwolle,Overijssel,VBO,6.110801,52.490725
Gruitmeesterslaan,12,,,8014CH,Zwolle,Zwolle,Overijssel,VBO,6.110740,52.490694
Gruitmeesterslaan,14,,,8014CH,Zwolle,Zwolle,Overijssel,VBO,6.110698,52.490644
Gruitmeesterslaan,16,,,8014CH,Zwolle,Zwolle,Overijssel,VBO,6.110643,52.490608
Gruitmeesterslaan,18,,,8014CH,Zwolle,Zwolle,Overijssel,VBO,6.110587,52.490572
Gruitmeesterslaan,20,,,8014CH,Zwolle,Zwolle,Overijssel,VBO,6.110508,52.490530
Gruitmeesterslaan,24,,,8014CH,Zwolle,Zwolle,Overijssel,VBO,6.110229,52.490250
Gruitmeesterslaan,26,,,8014CH,Zwolle,Zwolle,Overijssel,VBO,6.110237,52.490196
Gruitmeesterslaan,28,,,8014CH,Zwolle,Zwolle,Overijssel,VBO,6.110278,52.490157
Gruitmeesterslaan,30,,,8014CH,Zwolle,Zwolle,Overijssel,VBO,6.110331,52.490110
Gruitmeesterslaan,34,,,8014CH,Zwolle,Zwolle,Overijssel,VBO,6.110522,52.489923
Gruitmeesterslaan,36,,,8014CH,Zwolle,Zwolle,Overijssel,VBO,6.110564,52.489881
Gruitmeesterslaan,38,,,8014CH,Zwolle,Zwolle,Overijssel,VBO,6.110625,52.489822
Gruitmeesterslaan,40,,,8014CH,Zwolle,Zwolle,Overijssel,VBO,6.110679,52.489781
Gruitmeesterslaan,42,,,8014CJ,Zwolle,Zwolle,Overijssel,VBO,6.110757,52.489694
Gruitmeesterslaan,44,,,8014CJ,Zwolle,Zwolle,Overijssel,VBO,6.110801,52.489642
Gruitmeesterslaan,46,,,8014CJ,Zwolle,Zwolle,Overijssel,VBO,6.110861,52.489600
Gruitmeesterslaan,48,,,8014CJ,Zwolle,Zwolle,Overijssel,VBO,6.110945,52.489506
Gruitmeesterslaan,50,,,8014CJ,Zwolle,Zwolle,Overijssel,VBO,6.110985,52.489465
Gruitmeesterslaan,52,,,8014CJ,Zwolle,Zwolle,Overijssel,VBO,6.111050,52.489403
Gruitmeesterslaan,54,,,8014CJ,Zwolle,Zwolle,Overijssel,VBO,6.111095,52.489369
Gruitmeesterslaan,56,,,8014CJ,Zwolle,Zwolle,Overijssel,VBO,6.111106,52.489266
Gruitmeesterslaan,58,,,8014CJ,Zwolle,Zwolle,Overijssel,VBO,6.111145,52.489226
Gruitmeesterslaan,60,,,8014CJ,Zwolle,Zwolle,Overijssel,VBO,6.111189,52.489189
Gruitmeesterslaan,62,,,8014CJ,Zwolle,Zwolle,Overijssel,VBO,6.111232,52.489129
Gruitmeesterslaan,64,,,8014CJ,Zwolle,Zwolle,Overijssel,VBO,6.111273,52.489089
Gruitmeesterslaan,66,,,8014CJ,Zwolle,Zwolle,Overijssel,VBO,6.111321,52.489049
Gruitmeesterslaan,68,,,8014CJ,Zwolle,Zwolle,Overijssel,VBO,6.111365,52.489010
Gruitmeesterslaan,70,,,8014CJ,Zwolle,Zwolle,Overijssel,VBO,6.111436,52.488955
Gruitmeesterslaan,72,,,8014CJ,Zwolle,Zwolle,Overijssel,VBO,6.111477,52.488917
Gruitmeesterslaan,74,,,8014CJ,Zwolle,Zwolle,Overijssel,VBO,6.111520,52.488878
Gruitmeesterslaan,76,,,8014CJ,Zwolle,Zwolle,Overijssel,VBO,6.111576,52.488822
Gruitmeesterslaan,78,,,8014CJ,Zwolle,Zwolle,Overijssel,VBO,6.111617,52.488787
Gruitmeesterslaan,80,,,8014CJ,Zwolle,Zwolle,Overijssel,VBO,6.111662,52.488747
Gruitmeesterslaan,82,,,8014CJ,Zwolle,Zwolle,Overijssel,VBO,6.111702,52.488709
Gruitmeesterslaan,84,,,8014CK,Zwolle,Zwolle,Overijssel,VBO,6.112050,52.488711
Gruitmeesterslaan,86,,,8014CK,Zwolle,Zwolle,Overijssel,VBO,6.112124,52.488743
Gruitmeesterslaan,88,,,8014CK,Zwolle,Zwolle,Overijssel,VBO,6.112181,52.488763
Gruitmeesterslaan,90,,,8014CK,Zwolle,Zwolle,Overijssel,VBO,6.112347,52.488602
Gruitmeesterslaan,92,,,8014CK,Zwolle,Zwolle,Overijssel,VBO,6.112383,52.488562
Gruitmeesterslaan,94,,,8014CK,Zwolle,Zwolle,Overijssel,VBO,6.112437,52.488517
Gruitmeesterslaan,96,,,8014CK,Zwolle,Zwolle,Overijssel,VBO,6.112488,52.488474
Gruitmeesterslaan,98,,,8014CK,Zwolle,Zwolle,Overijssel,VBO,6.112639,52.488299
Gruitmeesterslaan,100,,,8014CK,Zwolle,Zwolle,Overijssel,VBO,6.112676,52.488252
Gruitmeesterslaan,102,,,8014CK,Zwolle,Zwolle,Overijssel,VBO,6.112718,52.488218
Gruitmeesterslaan,104,,,8014CK,Zwolle,Zwolle,Overijssel,VBO,6.112755,52.488179
Gruitmeesterslaan,106,,,8014CK,Zwolle,Zwolle,Overijssel,VBO,6.112796,52.488138
Gruitmeesterslaan,108,,,8014CK,Zwolle,Zwolle,Overijssel,VBO,6.112837,52.488108
Gruitmeesterslaan,110,,,8014CK,Zwolle,Zwolle,Overijssel,VBO,6.112900,52.488070
Gruitmeesterslaan,112,,,8014CK,Zwolle,Zwolle,Overijssel,VBO,6.112945,52.488026
Gruitmeesterslaan,114,,,8014CK,Zwolle,Zwolle,Overijssel,VBO,6.112997,52.487982
Gruitmeesterslaan,116,,,8014CK,Zwolle,Zwolle,Overijssel,VBO,6.113042,52.487938
Gruitmeesterslaan,118,,,8014CK,Zwolle,Zwolle,Overijssel,VBO,6.113092,52.487897
Gruitmeesterslaan,120,,,8014CK,Zwolle,Zwolle,Overijssel,VBO,6.113137,52.487860
Gruitmeesterslaan,122,,,8014CL,Zwolle,Zwolle,Overijssel,VBO,6.113252,52.487751
Gruitmeesterslaan,124,,,8014CL,Zwolle,Zwolle,Overijssel,VBO,6.113349,52.487727
Gruitmeesterslaan,126,,,8014CL,Zwolle,Zwolle,Overijssel,VBO,6.113433,52.487718
Gruitmeesterslaan,128,,,8014CL,Zwolle,Zwolle,Overijssel,VBO,6.113518,52.487709
Gruitmeesterslaan,130,,,8014CL,Zwolle,Zwolle,Overijssel,VBO,6.113601,52.487700
Gruitmeesterslaan,132,,,8014CL,Zwolle,Zwolle,Overijssel,VBO,6.113666,52.487702
Gruitmeesterslaan,134,,,8014CL,Zwolle,Zwolle,Overijssel,VBO,6.113849,52.487640
Gruitmeesterslaan,136,,,8014CL,Zwolle,Zwolle,Overijssel,VBO,6.113890,52.487600
Gruitmeesterslaan,138,,,8014CL,Zwolle,Zwolle,Overijssel,VBO,6.113924,52.487561
Gruitmeesterslaan,140,,,8014CL,Zwolle,Zwolle,Overijssel,VBO,6.113964,52.487526
Gruitmeesterslaan,142,,,8014CL,Zwolle,Zwolle,Overijssel,VBO,6.114004,52.487489
Gruitmeesterslaan,144,,,8014CL,Zwolle,Zwolle,Overijssel,VBO,6.114043,52.487454
Gruitmeesterslaan,146,,,8014CL,Zwolle,Zwolle,Overijssel,VBO,6.114084,52.487418
Gruitmeesterslaan,148,,,8014CL,Zwolle,Zwolle,Overijssel,VBO,6.114121,52.487380
Gruitmeesterslaan,150,,,8014CL,Zwolle,Zwolle,Overijssel,VBO,6.114164,52.487344
Gruitmeesterslaan,152,,,8014CL,Zwolle,Zwolle,Overijssel,VBO,6.114211,52.487319
Gruitmeesterslaan,156,,,8014CL,Zwolle,Zwolle,Overijssel,VBO,6.114640,52.487148
Gruitmeesterslaan,158,,,8014CL,Zwolle,Zwolle,Overijssel,VBO,6.114777,52.487131
Gruitmeesterslaan,160,,,8014CL,Zwolle,Zwolle,Overijssel,VBO,6.114868,52.487128
Gruitmeesterslaan,162,,,8014CM,Zwolle,Zwolle,Overijssel,VBO,6.116271,52.487393
Gruitmeesterslaan,164,,,8014CM,Zwolle,Zwolle,Overijssel,VBO,6.116355,52.487327
Gruitmeesterslaan,166,,,8014CM,Zwolle,Zwolle,Overijssel,VBO,6.116421,52.487300
Gruitmeesterslaan,168,,,8014CM,Zwolle,Zwolle,Overijssel,VBO,6.116488,52.487267
Gruitmeesterslaan,170,,,8014CM,Zwolle,Zwolle,Overijssel,VBO,6.116569,52.487232
Gruitmeesterslaan,172,,,8014CM,Zwolle,Zwolle,Overijssel,VBO,6.116639,52.487212
Gruitmeesterslaan,174,,,8014CM,Zwolle,Zwolle,Overijssel,VBO,6.116821,52.487119
Gruitmeesterslaan,176,,,8014CM,Zwolle,Zwolle,Overijssel,VBO,6.116903,52.487128
Gruitmeesterslaan,178,,,8014CM,Zwolle,Zwolle,Overijssel,VBO,6.116997,52.487119
Gruitmeesterslaan,180,,,8014CM,Zwolle,Zwolle,Overijssel,VBO,6.117078,52.487109
Gruitmeesterslaan,182,,,8014CM,Zwolle,Zwolle,Overijssel,VBO,6.117152,52.487101
Gruitmeesterslaan,184,,,8014CM,Zwolle,Zwolle,Overijssel,VBO,6.117237,52.487090
Gruitmeesterslaan,186,,,8014CM,Zwolle,Zwolle,Overijssel,VBO,6.117323,52.487077
Gruitmeesterslaan,188,,,8014CM,Zwolle,Zwolle,Overijssel,VBO,6.117386,52.487044
Gruitmeesterslaan,190,,,8014CM,Zwolle,Zwolle,Overijssel,VBO,6.117433,52.487000
Gruitmeesterslaan,192,,,8014CM,Zwolle,Zwolle,Overijssel,VBO,6.117474,52.486955
Gruitmeesterslaan,194,,,8014CM,Zwolle,Zwolle,Overijssel,VBO,6.117481,52.486912
Gruitmeesterslaan,1,G,1,8014CN,Zwolle,Zwolle,Overijssel,VBO,6.111297,52.490585
Gruitmeesterslaan,1,G,2,8014CN,Zwolle,Zwolle,Overijssel,VBO,6.111338,52.490601
Gruitmeesterslaan,1,G,3,8014CN,Zwolle,Zwolle,Overijssel,VBO,6.111375,52.490615
Gruitmeesterslaan,1,,,8014CN,Zwolle,Zwolle,Overijssel,VBO,6.111233,52.490517
Gruitmeesterslaan,3,,,8014CN,Zwolle,Zwolle,Overijssel,VBO,6.111150,52.490489
Gruitmeesterslaan,5,,,8014CN,Zwolle,Zwolle,Overijssel,VBO,6.111069,52.490477
Gruitmeesterslaan,7,,,8014CN,Zwolle,Zwolle,Overijssel,VBO,6.110995,52.490444
Gruitmeesterslaan,9,,,8014CN,Zwolle,Zwolle,Overijssel,VBO,6.110937,52.490395
Gruitmeesterslaan,11,,,8014CN,Zwolle,Zwolle,Overijssel,VBO,6.110849,52.490357
Gruitmeesterslaan,13,,,8014CN,Zwolle,Zwolle,Overijssel,VBO,6.110767,52.490302
Gruitmeesterslaan,15,,,8014CN,Zwolle,Zwolle,Overijssel,VBO,6.110693,52.490265
Gruitmeesterslaan,17,,,8014CN,Zwolle,Zwolle,Overijssel,VBO,6.110713,52.490153
Gruitmeesterslaan,19,,,8014CN,Zwolle,Zwolle,Overijssel,VBO,6.110773,52.490102
Gruitmeesterslaan,21,,,8014CN,Zwolle,Zwolle,Overijssel,VBO,6.110836,52.490076
Gruitmeesterslaan,23,,,8014CN,Zwolle,Zwolle,Overijssel,VBO,6.110883,52.490019
Gruitmeesterslaan,25,,,8014CN,Zwolle,Zwolle,Overijssel,VBO,6.110899,52.489964
Gruitmeesterslaan,27,,,8014CN,Zwolle,Zwolle,Overijssel,VBO,6.110975,52.489921
Gruitmeesterslaan,29,,,8014CN,Zwolle,Zwolle,Overijssel,VBO,6.111037,52.489897
Gruitmeesterslaan,31,,,8014CN,Zwolle,Zwolle,Overijssel,VBO,6.111081,52.489840
Gruitmeesterslaan,33,,,8014CN,Zwolle,Zwolle,Overijssel,VBO,6.111178,52.489778
Gruitmeesterslaan,35,,,8014CN,Zwolle,Zwolle,Overijssel,VBO,6.111241,52.489726
Gruitmeesterslaan,37,,,8014CN,Zwolle,Zwolle,Overijssel,VBO,6.111464,52.489447
Gruitmeesterslaan,39,,,8014CN,Zwolle,Zwolle,Overijssel,VBO,6.111543,52.489417
Gruitmeesterslaan,41,,,8014CN,Zwolle,Zwolle,Overijssel,VBO,6.111602,52.489364
Gruitmeesterslaan,43,,,8014CN,Zwolle,Zwolle,Overijssel,VBO,6.111618,52.489316
Gruitmeesterslaan,45,,,8014CN,Zwolle,Zwolle,Overijssel,VBO,6.111755,52.489278
Gruitmeesterslaan,47,,,8014CN,Zwolle,Zwolle,Overijssel,VBO,6.111798,52.489221
Gruitmeesterslaan,49,,,8014CP,Zwolle,Zwolle,Overijssel,VBO,6.112384,52.488992
Gruitmeesterslaan,51,,,8014CP,Zwolle,Zwolle,Overijssel,VBO,6.112444,52.488958
Gruitmeesterslaan,53,,,8014CP,Zwolle,Zwolle,Overijssel,VBO,6.112496,52.488914
Gruitmeesterslaan,55,,,8014CP,Zwolle,Zwolle,Overijssel,VBO,6.112531,52.488869
Gruitmeesterslaan,57,,,8014CP,Zwolle,Zwolle,Overijssel,VBO,6.112567,52.488822
Gruitmeesterslaan,59,,,8014CP,Zwolle,Zwolle,Overijssel,VBO,6.112615,52.488777
Gruitmeesterslaan,61,,,8014CP,Zwolle,Zwolle,Overijssel,VBO,6.112661,52.488735
Gruitmeesterslaan,63,,,8014CP,Zwolle,Zwolle,Overijssel,VBO,6.112692,52.488682
Gruitmeesterslaan,65,,,8014CP,Zwolle,Zwolle,Overijssel,VBO,6.112783,52.488626
Gruitmeesterslaan,67,,,8014CP,Zwolle,Zwolle,Overijssel,VBO,6.112847,52.488592
Gruitmeesterslaan,69,,,8014CP,Zwolle,Zwolle,Overijssel,VBO,6.112894,52.488549
Gruitmeesterslaan,71,,,8014CP,Zwolle,Zwolle,Overijssel,VBO,6.112941,52.488505
Gruitmeesterslaan,73,,,8014CP,Zwolle,Zwolle,Overijssel,VBO,6.112987,52.488464
Gruitmeesterslaan,75,,,8014CP,Zwolle,Zwolle,Overijssel,VBO,6.113036,52.488419
Gruitmeesterslaan,77,,,8014CP,Zwolle,Zwolle,Overijssel,VBO,6.113081,52.488381
Gruitmeesterslaan,79,,,8014CP,Zwolle,Zwolle,Overijssel,VBO,6.113118,52.488330
Gruitmeesterslaan,81,,,8014CP,Zwolle,Zwolle,Overijssel,VBO,6.113266,52.488279
Gruitmeesterslaan,83,,,8014CP,Zwolle,Zwolle,Overijssel,VBO,6.113330,52.488268
Gruitmeesterslaan,85,,,8014CR,Zwolle,Zwolle,Overijssel,VBO,6.113623,52.488171
Gruitmeesterslaan,87,,,8014CR,Zwolle,Zwolle,Overijssel,VBO,6.113618,52.488124
Gruitmeesterslaan,89,,,8014CR,Zwolle,Zwolle,Overijssel,VBO,6.113605,52.488072
Gruitmeesterslaan,91,,,8014CR,Zwolle,Zwolle,Overijssel,VBO,6.113578,52.488015
Gruitmeesterslaan,93,,,8014CR,Zwolle,Zwolle,Overijssel,VBO,6.113823,52.487927
Gruitmeesterslaan,95,,,8014CR,Zwolle,Zwolle,Overijssel,VBO,6.113913,52.487926
Gruitmeesterslaan,97,,,8014CR,Zwolle,Zwolle,Overijssel,VBO,6.113992,52.487915
Gruitmeesterslaan,99,,,8014CR,Zwolle,Zwolle,Overijssel,VBO,6.114069,52.487900
Gruitmeesterslaan,101,,,8014CR,Zwolle,Zwolle,Overijssel,VBO,6.114258,52.487720
Gruitmeesterslaan,103,,,8014CR,Zwolle,Zwolle,Overijssel,VBO,6.114318,52.487677
Gruitmeesterslaan,105,,,8014CR,Zwolle,Zwolle,Overijssel,VBO,6.114369,52.487634
Gruitmeesterslaan,107,,,8014CR,Zwolle,Zwolle,Overijssel,VBO,6.114418,52.487592
Gruitmeesterslaan,109,,,8014CR,Zwolle,Zwolle,Overijssel,VBO,6.114463,52.487548
Gruitmeesterslaan,111,,,8014CR,Zwolle,Zwolle,Overijssel,VBO,6.114493,52.487499
Gruitmeesterslaan,113,,,8014CR,Zwolle,Zwolle,Overijssel,VBO,6.114703,52.487404
Gruitmeesterslaan,115,,,8014CR,Zwolle,Zwolle,Overijssel,VBO,6.114806,52.487438
Gruitmeesterslaan,117,,,8014CR,Zwolle,Zwolle,Overijssel,VBO,6.114872,52.487468
Gruitmeesterslaan,119,,,8014CR,Zwolle,Zwolle,Overijssel,VBO,6.114938,52.487498
Gruitmeesterslaan,121,,,8014CR,Zwolle,Zwolle,Overijssel,VBO,6.115009,52.487525
Gruitmeesterslaan,123,,,8014CR,Zwolle,Zwolle,Overijssel,VBO,6.115059,52.487546
Gruitmeesterslaan,125,,,8014CR,Zwolle,Zwolle,Overijssel,VBO,6.116215,52.488007
Gruitmeesterslaan,127,,,8014CR,Zwolle,Zwolle,Overijssel,VBO,6.116216,52.487953
Gruitmeesterslaan,129,,,8014CR,Zwolle,Zwolle,Overijssel,VBO,6.116201,52.487905
Gruitmeesterslaan,131,,,8014CR,Zwolle,Zwolle,Overijssel,VBO,6.116194,52.487853
Gruitmeesterslaan,133,,,8014CR,Zwolle,Zwolle,Overijssel,VBO,6.116191,52.487807
Gruitmeesterslaan,135,,,8014CS,Zwolle,Zwolle,Overijssel,VBO,6.116152,52.487731
Gruitmeesterslaan,137,,,8014CS,Zwolle,Zwolle,Overijssel,VBO,6.116196,52.487666
Gruitmeesterslaan,139,,,8014CS,Zwolle,Zwolle,Overijssel,VBO,6.116262,52.487609
Gruitmeesterslaan,141,,,8014CS,Zwolle,Zwolle,Overijssel,VBO,6.116389,52.487580
Gruitmeesterslaan,143,,,8014CS,Zwolle,Zwolle,Overijssel,VBO,6.116463,52.487569
Gruitmeesterslaan,145,,,8014CS,Zwolle,Zwolle,Overijssel,VBO,6.116543,52.487547
Snavel van Emekamp,2,,,8014CT,Zwolle,Zwolle,Overijssel,VBO,6.114298,52.487156
Snavel van Emekamp,4,,,8014CT,Zwolle,Zwolle,Overijssel,VBO,6.114226,52.487137
Snavel van Emekamp,6,,,8014CT,Zwolle,Zwolle,Overijssel,VBO,6.114162,52.487109
Snavel van Emekamp,8,,,8014CT,Zwolle,Zwolle,Overijssel,VBO,6.114090,52.487080
Snavel van Emekamp,10,,,8014CT,Zwolle,Zwolle,Overijssel,VBO,6.114027,52.487050
Snavel van Emekamp,12,,,8014CT,Zwolle,Zwolle,Overijssel,VBO,6.113957,52.487021
Snavel van Emekamp,14,,,8014CT,Zwolle,Zwolle,Overijssel,VBO,6.113886,52.486991
Snavel van Emekamp,16,,,8014CT,Zwolle,Zwolle,Overijssel,VBO,6.113820,52.486961
Snavel van Emekamp,18,,,8014CT,Zwolle,Zwolle,Overijssel,VBO,6.113745,52.486929
Snavel van Emekamp,20,,,8014CT,Zwolle,Zwolle,Overijssel,VBO,6.113662,52.486895
Snavel van Emekamp,24,,,8014CT,Zwolle,Zwolle,Overijssel,VBO,6.113926,52.486526
Snavel van Emekamp,26,,,8014CT,Zwolle,Zwolle,Overijssel,VBO,6.113983,52.486471
Snavel van Emekamp,28,,,8014CT,Zwolle,Zwolle,Overijssel,VBO,6.114058,52.486425
Snavel van Emekamp,30,,,8014CT,Zwolle,Zwolle,Overijssel,VBO,6.114116,52.486372
Snavel van Emekamp,32,,,8014CT,Zwolle,Zwolle,Overijssel,VBO,6.114170,52.486321
Snavel van Emekamp,34,,,8014CT,Zwolle,Zwolle,Overijssel,VBO,6.114235,52.486270
Snavel van Emekamp,38,,,8014CV,Zwolle,Zwolle,Overijssel,VBO,6.114701,52.486276
Snavel van Emekamp,40,,,8014CV,Zwolle,Zwolle,Overijssel,VBO,6.114814,52.486255
Snavel van Emekamp,42,,,8014CV,Zwolle,Zwolle,Overijssel,VBO,6.114958,52.486200
Snavel van Emekamp,44,,,8014CV,Zwolle,Zwolle,Overijssel,VBO,6.115015,52.486150
Snavel van Emekamp,46,,,8014CV,Zwolle,Zwolle,Overijssel,VBO,6.115072,52.486097
Snavel van Emekamp,48,,,8014CV,Zwolle,Zwolle,Overijssel,VBO,6.115138,52.486062
Snavel van Emekamp,50,,,8014CV,Zwolle,Zwolle,Overijssel,VBO,6.115221,52.486055
Snavel van Emekamp,52,,,8014CV,Zwolle,Zwolle,Overijssel,VBO,6.115304,52.486071
Snavel van Emekamp,54,,,8014CV,Zwolle,Zwolle,Overijssel,VBO,6.115381,52.486102
Snavel van Emekamp,56,,,8014CV,Zwolle,Zwolle,Overijssel,VBO,6.115511,52.486153
Snavel van Emekamp,58,,,8014CV,Zwolle,Zwolle,Overijssel,VBO,6.115601,52.486193
Snavel van Emekamp,60,,,8014CV,Zwolle,Zwolle,Overijssel,VBO,6.115725,52.486245
Snavel van Emekamp,62,,,8014CV,Zwolle,Zwolle,Overijssel,VBO,6.115793,52.486275
Snavel van Emekamp,64,,,8014CV,Zwolle,Zwolle,Overijssel,VBO,6.115939,52.486333
Snavel van Emekamp,1,,,8014CW,Zwolle,Zwolle,Overijssel,VBO,6.114463,52.486987
Snavel van Emekamp,3,,,8014CW,Zwolle,Zwolle,Overijssel,VBO,6.114414,52.486902
Snavel van Emekamp,5,,,8014CW,Zwolle,Zwolle,Overijssel,VBO,6.114299,52.486854
Snavel van Emekamp,7,,,8014CW,Zwolle,Zwolle,Overijssel,VBO,6.114155,52.486806
Snavel van Emekamp,9,,,8014CW,Zwolle,Zwolle,Overijssel,VBO,6.114357,52.486648
Snavel van Emekamp,11,,,8014CW,Zwolle,Zwolle,Overijssel,VBO,6.114437,52.486618
Snavel van Emekamp,13,,,8014CW,Zwolle,Zwolle,Overijssel,VBO,6.114489,52.486566
Snavel van Emekamp,15,,,8014CW,Zwolle,Zwolle,Overijssel,VBO,6.114539,52.486526
Snavel van Emekamp,17,,,8014CW,Zwolle,Zwolle,Overijssel,VBO,6.114705,52.486449
Snavel van Emekamp,19,,,8014CW,Zwolle,Zwolle,Overijssel,VBO,6.114798,52.486441
Snavel van Emekamp,21,,,8014CW,Zwolle,Zwolle,Overijssel,VBO,6.114888,52.486431
Snavel van Emekamp,23,,,8014CW,Zwolle,Zwolle,Overijssel,VBO,6.114963,52.486409
Snavel van Emekamp,25,,,8014CW,Zwolle,Zwolle,Overijssel,VBO,6.115225,52.486366
Snavel van Emekamp,27,,,8014CW,Zwolle,Zwolle,Overijssel,VBO,6.115260,52.486414
Snavel van Emekamp,29,,,8014CW,Zwolle,Zwolle,Overijssel,VBO,6.115282,52.486529
Snavel van Emekamp,31,,,8014CW,Zwolle,Zwolle,Overijssel,VBO,6.115318,52.486576
Snavel van Emekamp,33,,,8014CW,Zwolle,Zwolle,Overijssel,VBO,6.115343,52.486658
Snavel van Emekamp,35,,,8014CW,Zwolle,Zwolle,Overijssel,VBO,6.115340,52.486720
Snavel van Emekamp,37,,,8014CW,Zwolle,Zwolle,Overijssel,VBO,6.115301,52.486835
Snavel van Emekamp,39,,,8014CW,Zwolle,Zwolle,Overijssel,VBO,6.115244,52.486869
Snavel van Emekamp,41,,,8014CW,Zwolle,Zwolle,Overijssel,VBO,6.115195,52.486919
Snavel van Emekamp,43,,,8014CW,Zwolle,Zwolle,Overijssel,VBO,6.115145,52.486969
Snavel van Emekamp,45,,,8014CW,Zwolle,Zwolle,Overijssel,VBO,6.115094,52.487012
Snavel van Emekamp,47,,,8014CW,Zwolle,Zwolle,Overijssel,VBO,6.115050,52.487054
Snavel van Emekamp,66,,,8014CX,Zwolle,Zwolle,Overijssel,VBO,6.116021,52.486365
Snavel van Emekamp,68,,,8014CX,Zwolle,Zwolle,Overijssel,VBO,6.115629,52.486492
Snavel van Emekamp,70,,,8014CX,Zwolle,Zwolle,Overijssel,VBO,6.115643,52.486574
Snavel van Emekamp,72,,,8014CX,Zwolle,Zwolle,Overijssel,VBO,6.115665,52.486648
Snavel van Emekamp,74,,,8014CX,Zwolle,Zwolle,Overijssel,VBO,6.115689,52.486735
Snavel van Emekamp,76,,,8014CX,Zwolle,Zwolle,Overijssel,VBO,6.115701,52.486794
Snavel van Emekamp,78,,,8014CX,Zwolle,Zwolle,Overijssel,VBO,6.115659,52.486835
Snavel van Emekamp,80,,,8014CX,Zwolle,Zwolle,Overijssel,VBO,6.115623,52.486884
Snavel van Emekamp,82,,,8014CX,Zwolle,Zwolle,Overijssel,VBO,6.115537,52.486961
Snavel van Emekamp,84,,,8014CX,Zwolle,Zwolle,Overijssel,VBO,6.115479,52.487018
Snavel van Emekamp,86,,,8014CX,Zwolle,Zwolle,Overijssel,VBO,6.115380,52.487100
Snavel van Emekamp,88,,,8014CX,Zwolle,Zwolle,Overijssel,VBO,6.115324,52.487144
Snavel van Emekamp,90,,,8014CX,Zwolle,Zwolle,Overijssel,VBO,6.115185,52.487227
Ter Kuilenkamp,1,,,8014DA,Zwolle,Zwolle,Overijssel,VBO,6.111445,52.489740
Ter Kuilenkamp,3,,,8014DA,Zwolle,Zwolle,Overijssel,VBO,6.111526,52.489771
Ter Kuilenkamp,5,,,8014DA,Zwolle,Zwolle,Overijssel,VBO,6.111595,52.489841
Ter Kuilenkamp,7,,,8014DA,Zwolle,Zwolle,Overijssel,VBO,6.111697,52.489885
Ter Kuilenkamp,9,,,8014DA,Zwolle,Zwolle,Overijssel,VBO,6.111659,52.490010
Ter Kuilenkamp,11,,,8014DA,Zwolle,Zwolle,Overijssel,VBO,6.111610,52.490065
Ter Kuilenkamp,13,,,8014DA,Zwolle,Zwolle,Overijssel,VBO,6.111531,52.490100
Ter Kuilenkamp,15,,,8014DA,Zwolle,Zwolle,Overijssel,VBO,6.111481,52.490150
Ter Kuilenkamp,17,,,8014DA,Zwolle,Zwolle,Overijssel,VBO,6.111456,52.490201
Ter Kuilenkamp,19,,,8014DA,Zwolle,Zwolle,Overijssel,VBO,6.111409,52.490248
Ter Kuilenkamp,21,T,1,8014DA,Zwolle,Zwolle,Overijssel,VBO,6.111369,52.490302
Ter Kuilenkamp,23,,,8014DA,Zwolle,Zwolle,Overijssel,VBO,6.111931,52.490113
Ter Kuilenkamp,25,,,8014DA,Zwolle,Zwolle,Overijssel,VBO,6.111982,52.490176
Ter Kuilenkamp,27,,,8014DA,Zwolle,Zwolle,Overijssel,VBO,6.112059,52.490219
Ter Kuilenkamp,29,,,8014DA,Zwolle,Zwolle,Overijssel,VBO,6.112091,52.490261
Ter Kuilenkamp,31,,,8014DA,Zwolle,Zwolle,Overijssel,VBO,6.112073,52.490384
Ter Kuilenkamp,33,,,8014DA,Zwolle,Zwolle,Overijssel,VBO,6.111978,52.490412
Ter Kuilenkamp,35,,,8014DA,Zwolle,Zwolle,Overijssel,VBO,6.111890,52.490476
Ter Kuilenkamp,37,,,8014DA,Zwolle,Zwolle,Overijssel,VBO,6.111817,52.490500
Ter Kuilenkamp,39,,,8014DA,Zwolle,Zwolle,Overijssel,VBO,6.111730,52.490510
Ter Kuilenkamp,41,,,8014DA,Zwolle,Zwolle,Overijssel,VBO,6.111637,52.490539
Ter Kuilenkamp,43,,,8014DA,Zwolle,Zwolle,Overijssel,VBO,6.111569,52.490577
Ter Kuilenkamp,45,,,8014DA,Zwolle,Zwolle,Overijssel,VBO,6.111474,52.490599
Ter Kuilenkamp,2,,,8014DB,Zwolle,Zwolle,Overijssel,VBO,6.111436,52.489574
Ter Kuilenkamp,4,,,8014DB,Zwolle,Zwolle,Overijssel,VBO,6.111517,52.489611
Ter Kuilenkamp,6,,,8014DB,Zwolle,Zwolle,Overijssel,VBO,6.111620,52.489667
Ter Kuilenkamp,8,,,8014DB,Zwolle,Zwolle,Overijssel,VBO,6.111690,52.489693
Ter Kuilenkamp,10,,,8014DB,Zwolle,Zwolle,Overijssel,VBO,6.111786,52.489732
Ter Kuilenkamp,12,,,8014DB,Zwolle,Zwolle,Overijssel,VBO,6.111852,52.489762
Ter Kuilenkamp,14,,,8014DB,Zwolle,Zwolle,Overijssel,VBO,6.111937,52.489831
Ter Kuilenkamp,16,,,8014DB,Zwolle,Zwolle,Overijssel,VBO,6.112023,52.489867
Ter Kuilenkamp,18,,,8014DB,Zwolle,Zwolle,Overijssel,VBO,6.112078,52.489910
Ter Kuilenkamp,20,,,8014DB,Zwolle,Zwolle,Overijssel,VBO,6.112158,52.489942
Ter Kuilenkamp,22,,,8014DB,Zwolle,Zwolle,Overijssel,VBO,6.112239,52.489960
Ter Kuilenkamp,24,,,8014DB,Zwolle,Zwolle,Overijssel,VBO,6.112336,52.489975
Lynnerkamp,1,,,8014DC,Zwolle,Zwolle,Overijssel,VBO,6.112004,52.489227
Lynnerkamp,3,,,8014DC,Zwolle,Zwolle,Overijssel,VBO,6.112057,52.489266
Lynnerkamp,5,,,8014DC,Zwolle,Zwolle,Overijssel,VBO,6.112150,52.489301
Lynnerkamp,7,,,8014DC,Zwolle,Zwolle,Overijssel,VBO,6.112238,52.489327
Lynnerkamp,9,,,8014DC,Zwolle,Zwolle,Overijssel,VBO,6.112276,52.489410
Lynnerkamp,11,,,8014DC,Zwolle,Zwolle,Overijssel,VBO,6.112352,52.489450
Lynnerkamp,13,,,8014DC,Zwolle,Zwolle,Overijssel,VBO,6.112428,52.489484
Lynnerkamp,15,,,8014DC,Zwolle,Zwolle,Overijssel,VBO,6.112495,52.489508
Lynnerkamp,17,,,8014DC,Zwolle,Zwolle,Overijssel,VBO,6.112595,52.489564
Lynnerkamp,19,,,8014DC,Zwolle,Zwolle,Overijssel,VBO,6.112675,52.489600
Lynnerkamp,21,,,8014DC,Zwolle,Zwolle,Overijssel,VBO,6.112655,52.489725
Lynnerkamp,23,,,8014DC,Zwolle,Zwolle,Overijssel,VBO,6.112603,52.489768
Lynnerkamp,25,,,8014DC,Zwolle,Zwolle,Overijssel,VBO,6.112528,52.489799
Lynnerkamp,27,,,8014DC,Zwolle,Zwolle,Overijssel,VBO,6.112474,52.489848
Lynnerkamp,2,,,8014DD,Zwolle,Zwolle,Overijssel,VBO,6.112424,52.489125
Lynnerkamp,4,,,8014DD,Zwolle,Zwolle,Overijssel,VBO,6.112498,52.489161
Lynnerkamp,6,,,8014DD,Zwolle,Zwolle,Overijssel,VBO,6.112568,52.489190
Lynnerkamp,8,,,8014DD,Zwolle,Zwolle,Overijssel,VBO,6.112635,52.489217
Lynnerkamp,10,,,8014DD,Zwolle,Zwolle,Overijssel,VBO,6.112696,52.489241
Lynnerkamp,12,,,8014DD,Zwolle,Zwolle,Overijssel,VBO,6.112920,52.489216
Lynnerkamp,14,,,8014DD,Zwolle,Zwolle,Overijssel,VBO,6.112965,52.489177
Lynnerkamp,16,,,8014DD,Zwolle,Zwolle,Overijssel,VBO,6.113009,52.489129
Lynnerkamp,18,,,8014DD,Zwolle,Zwolle,Overijssel,VBO,6.113058,52.489087
Lynnerkamp,20,,,8014DD,Zwolle,Zwolle,Overijssel,VBO,6.113052,52.489026
Lynnerkamp,22,,,8014DD,Zwolle,Zwolle,Overijssel,VBO,6.113093,52.488980
Lynnerkamp,24,,,8014DD,Zwolle,Zwolle,Overijssel,VBO,6.113139,52.488937
Lynnerkamp,26,,,8014DD,Zwolle,Zwolle,Overijssel,VBO,6.113195,52.488889
Lynnerkamp,28,,,8014DE,Zwolle,Zwolle,Overijssel,VBO,6.113148,52.488698
Lynnerkamp,30,,,8014DE,Zwolle,Zwolle,Overijssel,VBO,6.113225,52.488732
Lynnerkamp,32,,,8014DE,Zwolle,Zwolle,Overijssel,VBO,6.113290,52.488756
Lynnerkamp,34,,,8014DE,Zwolle,Zwolle,Overijssel,VBO,6.113331,52.488777
Lynnerkamp,36,,,8014DE,Zwolle,Zwolle,Overijssel,VBO,6.113441,52.488803
Lynnerkamp,38,,,8014DE,Zwolle,Zwolle,Overijssel,VBO,6.113518,52.488835
Lynnerkamp,40,,,8014DE,Zwolle,Zwolle,Overijssel,VBO,6.113586,52.488859
Lynnerkamp,42,,,8014DE,Zwolle,Zwolle,Overijssel,VBO,6.113653,52.488929
Lynnerkamp,44,,,8014DE,Zwolle,Zwolle,Overijssel,VBO,6.113665,52.488979
Lynnerkamp,46,,,8014DE,Zwolle,Zwolle,Overijssel,VBO,6.113622,52.489047
Lynnerkamp,48,,,8014DE,Zwolle,Zwolle,Overijssel,VBO,6.113590,52.489093
Lynnerkamp,50,,,8014DE,Zwolle,Zwolle,Overijssel,VBO,6.113548,52.489128
Lynnerkamp,52,,,8014DE,Zwolle,Zwolle,Overijssel,VBO,6.113507,52.489167
Lynnerkamp,54,,,8014DE,Zwolle,Zwolle,Overijssel,VBO,6.113463,52.489206
Lynnerkamp,56,,,8014DE,Zwolle,Zwolle,Overijssel,VBO,6.113421,52.489244
Lynnerkamp,58,,,8014DE,Zwolle,Zwolle,Overijssel,VBO,6.113377,52.489281
Lynnerkamp,60,,,8014DE,Zwolle,Zwolle,Overijssel,VBO,6.113258,52.489285
Lynnerkamp,62,,,8014DE,Zwolle,Zwolle,Overijssel,VBO,6.113232,52.489332
Lynnerkamp,64,,,8014DE,Zwolle,Zwolle,Overijssel,VBO,6.113189,52.489369
Lynnerkamp,66,,,8014DE,Zwolle,Zwolle,Overijssel,VBO,6.113135,52.489403
Mulertkamp,1,,,8014DG,Zwolle,Zwolle,Overijssel,VBO,6.113437,52.488438
Mulertkamp,3,,,8014DG,Zwolle,Zwolle,Overijssel,VBO,6.113516,52.488474
Mulertkamp,5,,,8014DG,Zwolle,Zwolle,Overijssel,VBO,6.113581,52.488503
Mulertkamp,7,,,8014DG,Zwolle,Zwolle,Overijssel,VBO,6.113659,52.488526
Mulertkamp,9,,,8014DG,Zwolle,Zwolle,Overijssel,VBO,6.113766,52.488543
Mulertkamp,11,,,8014DG,Zwolle,Zwolle,Overijssel,VBO,6.113838,52.488578
Mulertkamp,13,,,8014DG,Zwolle,Zwolle,Overijssel,VBO,6.113904,52.488605
Mulertkamp,15,,,8014DG,Zwolle,Zwolle,Overijssel,VBO,6.113967,52.488632
Mulertkamp,17,,,8014DG,Zwolle,Zwolle,Overijssel,VBO,6.114019,52.488649
Mulertkamp,19,,,8014DG,Zwolle,Zwolle,Overijssel,VBO,6.114518,52.488756
Mulertkamp,21,,,8014DG,Zwolle,Zwolle,Overijssel,VBO,6.114425,52.488823
Mulertkamp,23,,,8014DG,Zwolle,Zwolle,Overijssel,VBO,6.114347,52.488897
Mulertkamp,25,,,8014DG,Zwolle,Zwolle,Overijssel,VBO,6.114264,52.488977
Mulertkamp,27,,,8014DG,Zwolle,Zwolle,Overijssel,VBO,6.114202,52.489078
Mulertkamp,29,,,8014DG,Zwolle,Zwolle,Overijssel,VBO,6.114233,52.489219
Mulertkamp,31,,,8014DH,Zwolle,Zwolle,Overijssel,VBO,6.114674,52.488930
Mulertkamp,33,,,8014DH,Zwolle,Zwolle,Overijssel,VBO,6.114753,52.488965
Mulertkamp,35,,,8014DH,Zwolle,Zwolle,Overijssel,VBO,6.114820,52.488964
Mulertkamp,37,,,8014DH,Zwolle,Zwolle,Overijssel,VBO,6.114945,52.488955
Mulertkamp,39,,,8014DH,Zwolle,Zwolle,Overijssel,VBO,6.115075,52.488941
Mulertkamp,41,,,8014DH,Zwolle,Zwolle,Overijssel,VBO,6.115182,52.488891
Mulertkamp,43,,,8014DH,Zwolle,Zwolle,Overijssel,VBO,6.115235,52.488838
Mulertkamp,45,,,8014DH,Zwolle,Zwolle,Overijssel,VBO,6.115339,52.488752
Mulertkamp,47,,,8014DH,Zwolle,Zwolle,Overijssel,VBO,6.115360,52.488705
Mulertkamp,49,,,8014DH,Zwolle,Zwolle,Overijssel,VBO,6.115394,52.488652
Mulertkamp,51,,,8014DH,Zwolle,Zwolle,Overijssel,VBO,6.115363,52.488611
Mulertkamp,53,,,8014DH,Zwolle,Zwolle,Overijssel,VBO,6.115319,52.488460
Mulertkamp,55,,,8014DH,Zwolle,Zwolle,Overijssel,VBO,6.115504,52.488441
Mulertkamp,57,,,8014DH,Zwolle,Zwolle,Overijssel,VBO,6.115480,52.488153
Mulertkamp,59,,,8014DH,Zwolle,Zwolle,Overijssel,VBO,6.115381,52.488164
Mulertkamp,61,,,8014DH,Zwolle,Zwolle,Overijssel,VBO,6.115307,52.488150
Mulertkamp,63,,,8014DH,Zwolle,Zwolle,Overijssel,VBO,6.115223,52.488114
Mulertkamp,65,,,8014DH,Zwolle,Zwolle,Overijssel,VBO,6.115099,52.488059
Mulertkamp,67,,,8014DH,Zwolle,Zwolle,Overijssel,VBO,6.114993,52.488017
Mulertkamp,69,,,8014DH,Zwolle,Zwolle,Overijssel,VBO,6.114690,52.487934
Mulertkamp,71,,,8014DH,Zwolle,Zwolle,Overijssel,VBO,6.114633,52.487910
Mulertkamp,73,,,8014DH,Zwolle,Zwolle,Overijssel,VBO,6.114567,52.487879
Mulertkamp,75,,,8014DH,Zwolle,Zwolle,Overijssel,VBO,6.114484,52.487849
Mulertkamp,2,,,8014DJ,Zwolle,Zwolle,Overijssel,VBO,6.113792,52.488231
Mulertkamp,4,,,8014DJ,Zwolle,Zwolle,Overijssel,VBO,6.113859,52.488260
Mulertkamp,6,,,8014DJ,Zwolle,Zwolle,Overijssel,VBO,6.113918,52.488282
Mulertkamp,8,,,8014DJ,Zwolle,Zwolle,Overijssel,VBO,6.113968,52.488305
Mulertkamp,10,,,8014DJ,Zwolle,Zwolle,Overijssel,VBO,6.114070,52.488327
Mulertkamp,12,,,8014DJ,Zwolle,Zwolle,Overijssel,VBO,6.114141,52.488356
Mulertkamp,14,,,8014DJ,Zwolle,Zwolle,Overijssel,VBO,6.114201,52.488381
Mulertkamp,16,,,8014DJ,Zwolle,Zwolle,Overijssel,VBO,6.114245,52.488400
Mulertkamp,18,,,8014DJ,Zwolle,Zwolle,Overijssel,VBO,6.114505,52.488581
Mulertkamp,20,,,8014DJ,Zwolle,Zwolle,Overijssel,VBO,6.114617,52.488615
Mulertkamp,22,,,8014DJ,Zwolle,Zwolle,Overijssel,VBO,6.114723,52.488672
Mulertkamp,24,,,8014DJ,Zwolle,Zwolle,Overijssel,VBO,6.114999,52.488752
Mulertkamp,26,,,8014DJ,Zwolle,Zwolle,Overijssel,VBO,6.115056,52.488687
Mulertkamp,28,,,8014DJ,Zwolle,Zwolle,Overijssel,VBO,6.115079,52.488600
Mulertkamp,30,,,8014DJ,Zwolle,Zwolle,Overijssel,VBO,6.115075,52.488539
Mulertkamp,32,,,8014DJ,Zwolle,Zwolle,Overijssel,VBO,6.115040,52.488456
Mulertkamp,34,,,8014DJ,Zwolle,Zwolle,Overijssel,VBO,6.115017,52.488368
Mulertkamp,36,,,8014DJ,Zwolle,Zwolle,Overijssel,VBO,6.114999,52.488285
Mulertkamp,38,,,8014DJ,Zwolle,Zwolle,Overijssel,VBO,6.114985,52.488218
Mulertkamp,40,,,8014DJ,Zwolle,Zwolle,Overijssel,VBO,6.114949,52.488169
Mulertkamp,42,,,8014DJ,Zwolle,Zwolle,Overijssel,VBO,6.114863,52.488121
Mulertkamp,44,T,1,8014DJ,Zwolle,Zwolle,Overijssel,VBO,6.114440,52.488213
Mulertkamp,46,,,8014DJ,Zwolle,Zwolle,Overijssel,VBO,6.114480,52.488028
Mulertkamp,48,,,8014DJ,Zwolle,Zwolle,Overijssel,VBO,6.114425,52.488007
Mulertkamp,50,,,8014DJ,Zwolle,Zwolle,Overijssel,VBO,6.114359,52.487979
Mulertkamp,52,,,8014DJ,Zwolle,Zwolle,Overijssel,VBO,6.114276,52.487942
Munterkamp,1,,,8014DL,Zwolle,Zwolle,Overijssel,VBO,6.115387,52.487638
Munterkamp,3,,,8014DL,Zwolle,Zwolle,Overijssel,VBO,6.115436,52.487663
Munterkamp,5,,,8014DL,Zwolle,Zwolle,Overijssel,VBO,6.115611,52.487733
Munterkamp,7,,,8014DL,Zwolle,Zwolle,Overijssel,VBO,6.115659,52.487752
Munterkamp,9,,,8014DL,Zwolle,Zwolle,Overijssel,VBO,6.115717,52.487821
Munterkamp,11,,,8014DL,Zwolle,Zwolle,Overijssel,VBO,6.115731,52.487881
Munterkamp,13,,,8014DL,Zwolle,Zwolle,Overijssel,VBO,6.115780,52.487980
Munterkamp,15,,,8014DL,Zwolle,Zwolle,Overijssel,VBO,6.115701,52.488047
Munterkamp,17,,,8014DL,Zwolle,Zwolle,Overijssel,VBO,6.115741,52.488146
Munterkamp,19,,,8014DL,Zwolle,Zwolle,Overijssel,VBO,6.115774,52.488272
Munterkamp,21,,,8014DL,Zwolle,Zwolle,Overijssel,VBO,6.115779,52.488319
Munterkamp,23,,,8014DL,Zwolle,Zwolle,Overijssel,VBO,6.115797,52.488369
Munterkamp,25,,,8014DL,Zwolle,Zwolle,Overijssel,VBO,6.115820,52.488423
Munterkamp,27,,,8014DL,Zwolle,Zwolle,Overijssel,VBO,6.115838,52.488478
Munterkamp,29,,,8014DL,Zwolle,Zwolle,Overijssel,VBO,6.115857,52.488536
Munterkamp,31,,,8014DL,Zwolle,Zwolle,Overijssel,VBO,6.115872,52.488589
Munterkamp,33,,,8014DL,Zwolle,Zwolle,Overijssel,VBO,6.115885,52.488642
Munterkamp,35,,,8014DM,Zwolle,Zwolle,Overijssel,VBO,6.116562,52.488744
Munterkamp,37,,,8014DM,Zwolle,Zwolle,Overijssel,VBO,6.116467,52.488749
Munterkamp,39,,,8014DM,Zwolle,Zwolle,Overijssel,VBO,6.116384,52.488742
Munterkamp,41,,,8014DM,Zwolle,Zwolle,Overijssel,VBO,6.116309,52.488712
Munterkamp,43,,,8014DM,Zwolle,Zwolle,Overijssel,VBO,6.116231,52.488678
Munterkamp,45,,,8014DM,Zwolle,Zwolle,Overijssel,VBO,6.116156,52.488643
Munterkamp,47,,,8014DM,Zwolle,Zwolle,Overijssel,VBO,6.116109,52.488594
Munterkamp,49,,,8014DM,Zwolle,Zwolle,Overijssel,VBO,6.116063,52.488538
Munterkamp,51,,,8014DM,Zwolle,Zwolle,Overijssel,VBO,6.116003,52.488339
Munterkamp,53,,,8014DM,Zwolle,Zwolle,Overijssel,VBO,6.116085,52.488347
Munterkamp,55,,,8014DM,Zwolle,Zwolle,Overijssel,VBO,6.116195,52.488336
Munterkamp,57,,,8014DM,Zwolle,Zwolle,Overijssel,VBO,6.116278,52.488324
Munterkamp,59,,,8014DM,Zwolle,Zwolle,Overijssel,VBO,6.116368,52.488313
Munterkamp,61,,,8014DM,Zwolle,Zwolle,Overijssel,VBO,6.116455,52.488301
Munterkamp,63,,,8014DM,Zwolle,Zwolle,Overijssel,VBO,6.116544,52.488318
Munterkamp,65,,,8014DM,Zwolle,Zwolle,Overijssel,VBO,6.116623,52.488348
Munterkamp,67,,,8014DM,Zwolle,Zwolle,Overijssel,VBO,6.116692,52.488377
Munterkamp,69,,,8014DM,Zwolle,Zwolle,Overijssel,VBO,6.116754,52.488403
Munterkamp,71,,,8014DM,Zwolle,Zwolle,Overijssel,VBO,6.117381,52.488765
Munterkamp,75,,,8014DM,Zwolle,Zwolle,Overijssel,VBO,6.117698,52.488342
Sellekamp,1,,,8014DN,Zwolle,Zwolle,Overijssel,VBO,6.118385,52.487735
Sellekamp,3,,,8014DN,Zwolle,Zwolle,Overijssel,VBO,6.118332,52.487772
Sellekamp,5,,,8014DN,Zwolle,Zwolle,Overijssel,VBO,6.118164,52.487791
Sellekamp,7,,,8014DN,Zwolle,Zwolle,Overijssel,VBO,6.118023,52.487792
Sellekamp,9,,,8014DN,Zwolle,Zwolle,Overijssel,VBO,6.117829,52.487748
Sellekamp,11,,,8014DN,Zwolle,Zwolle,Overijssel,VBO,6.117822,52.487613
Sellekamp,13,,,8014DN,Zwolle,Zwolle,Overijssel,VBO,6.117715,52.487554
Sellekamp,15,,,8014DN,Zwolle,Zwolle,Overijssel,VBO,6.117612,52.487494
Sellekamp,17,,,8014DN,Zwolle,Zwolle,Overijssel,VBO,6.117396,52.487414
Sellekamp,19,,,8014DN,Zwolle,Zwolle,Overijssel,VBO,6.117326,52.487424
Sellekamp,21,,,8014DN,Zwolle,Zwolle,Overijssel,VBO,6.117176,52.487443
Sellekamp,23,,,8014DN,Zwolle,Zwolle,Overijssel,VBO,6.117027,52.487462
Sellekamp,25,,,8014DN,Zwolle,Zwolle,Overijssel,VBO,6.116881,52.487479
Sellekamp,27,,,8014DN,Zwolle,Zwolle,Overijssel,VBO,6.118363,52.487720
Sellekamp,29,,,8014DN,Zwolle,Zwolle,Overijssel,VBO,6.118309,52.487756
Sellekamp,31,,,8014DN,Zwolle,Zwolle,Overijssel,VBO,6.118189,52.487772
Sellekamp,33,,,8014DN,Zwolle,Zwolle,Overijssel,VBO,6.118079,52.487772
Sellekamp,35,,,8014DN,Zwolle,Zwolle,Overijssel,VBO,6.117904,52.487767
Sellekamp,37,,,8014DN,Zwolle,Zwolle,Overijssel,VBO,6.117845,52.487731
Sellekamp,39,,,8014DP,Zwolle,Zwolle,Overijssel,VBO,6.117836,52.487593
Sellekamp,41,,,8014DP,Zwolle,Zwolle,Overijssel,VBO,6.117787,52.487560
Sellekamp,43,,,8014DP,Zwolle,Zwolle,Overijssel,VBO,6.117738,52.487533
Sellekamp,45,,,8014DP,Zwolle,Zwolle,Overijssel,VBO,6.117689,52.487506
Sellekamp,47,,,8014DP,Zwolle,Zwolle,Overijssel,VBO,6.117640,52.487474
Sellekamp,49,,,8014DP,Zwolle,Zwolle,Overijssel,VBO,6.117580,52.487444
Sellekamp,51,,,8014DP,Zwolle,Zwolle,Overijssel,VBO,6.117484,52.487401
Sellekamp,53,,,8014DP,Zwolle,Zwolle,Overijssel,VBO,6.117389,52.487388
Sellekamp,55,,,8014DP,Zwolle,Zwolle,Overijssel,VBO,6.117310,52.487396
Sellekamp,57,,,8014DP,Zwolle,Zwolle,Overijssel,VBO,6.117230,52.487401
Sellekamp,59,,,8014DP,Zwolle,Zwolle,Overijssel,VBO,6.117161,52.487408
Sellekamp,61,,,8014DP,Zwolle,Zwolle,Overijssel,VBO,6.117089,52.487419
Sellekamp,63,,,8014DP,Zwolle,Zwolle,Overijssel,VBO,6.117009,52.487430
Sellekamp,65,,,8014DP,Zwolle,Zwolle,Overijssel,VBO,6.116930,52.487437
Sellekamp,67,,,8014DP,Zwolle,Zwolle,Overijssel,VBO,6.116867,52.487444
Sellekamp,69,,,8014DP,Zwolle,Zwolle,Overijssel,VBO,6.117492,52.487370
Sellekamp,4,,,8014DR,Zwolle,Zwolle,Overijssel,VBO,6.116541,52.487953
Sellekamp,6,,,8014DR,Zwolle,Zwolle,Overijssel,VBO,6.116680,52.487940
Sellekamp,8,,,8014DR,Zwolle,Zwolle,Overijssel,VBO,6.116907,52.488033
Sellekamp,10,,,8014DR,Zwolle,Zwolle,Overijssel,VBO,6.116969,52.488063
Sellekamp,14,,,8014DR,Zwolle,Zwolle,Overijssel,VBO,6.117084,52.488132
Sellekamp,26,,,8014DR,Zwolle,Zwolle,Overijssel,VBO,6.117281,52.487886
Sellekamp,28,,,8014DR,Zwolle,Zwolle,Overijssel,VBO,6.117469,52.487974
Sellekamp,30,,,8014DR,Zwolle,Zwolle,Overijssel,VBO,6.117523,52.487939
Sellekamp,32,,,8014DR,Zwolle,Zwolle,Overijssel,VBO,6.117568,52.487908
Sellekamp,34,,,8014DR,Zwolle,Zwolle,Overijssel,VBO,6.117616,52.487874
Sellekamp,36,,,8014DR,Zwolle,Zwolle,Overijssel,VBO,6.117658,52.487839
Sellekamp,38,,,8014DR,Zwolle,Zwolle,Overijssel,VBO,6.117697,52.487810
Sellekamp,40,T,1,8014DR,Zwolle,Zwolle,Overijssel,VBO,6.117432,52.487650
Sellekamp,44,,,8014DS,Zwolle,Zwolle,Overijssel,VBO,6.117156,52.487781
Sellekamp,46,,,8014DS,Zwolle,Zwolle,Overijssel,VBO,6.117124,52.487812
Sellekamp,48,,,8014DS,Zwolle,Zwolle,Overijssel,VBO,6.117066,52.487840
Sellekamp,50,,,8014DS,Zwolle,Zwolle,Overijssel,VBO,6.117023,52.487871
Sellekamp,52,,,8014DS,Zwolle,Zwolle,Overijssel,VBO,6.116980,52.487902
Sellekamp,54,,,8014DS,Zwolle,Zwolle,Overijssel,VBO,6.116937,52.487941
Sellekamp,56,,,8014DS,Zwolle,Zwolle,Overijssel,VBO,6.116541,52.487976
Sellekamp,58,,,8014DS,Zwolle,Zwolle,Overijssel,VBO,6.116623,52.487974
Sellekamp,60,,,8014DS,Zwolle,Zwolle,Overijssel,VBO,6.116758,52.487950
Sellekamp,64,,,8014DS,Zwolle,Zwolle,Overijssel,VBO,6.116844,52.488000
Sellekamp,66,,,8014DS,Zwolle,Zwolle,Overijssel,VBO,6.116937,52.488084
Sellekamp,68,A,,8014DS,Zwolle,Zwolle,Overijssel,VBO,6.116956,52.488146
Sellekamp,68,,,8014DS,Zwolle,Zwolle,Overijssel,VBO,6.116995,52.488122
Sellekamp,70,A,,8014DS,Zwolle,Zwolle,Overijssel,VBO,6.116967,52.488226
Sellekamp,70,,,8014DS,Zwolle,Zwolle,Overijssel,VBO,6.117000,52.488197
Sellekamp,72,,,8014DS,Zwolle,Zwolle,Overijssel,VBO,6.116713,52.488012
Sellekamp,74,,,8014DS,Zwolle,Zwolle,Overijssel,VBO,6.116766,52.487986
Bastertkamp,1,,,8014EA,Zwolle,Zwolle,Overijssel,VBO,6.112860,52.491511
Bastertkamp,3,,,8014EA,Zwolle,Zwolle,Overijssel,VBO,6.112834,52.491569
Bastertkamp,5,,,8014EA,Zwolle,Zwolle,Overijssel,VBO,6.112783,52.491605
Bastertkamp,7,,,8014EA,Zwolle,Zwolle,Overijssel,VBO,6.112749,52.491676
Bastertkamp,9,,,8014EA,Zwolle,Zwolle,Overijssel,VBO,6.112769,52.491725
Bastertkamp,11,,,8014EA,Zwolle,Zwolle,Overijssel,VBO,6.112746,52.491789
Bastertkamp,13,,,8014EA,Zwolle,Zwolle,Overijssel,VBO,6.112688,52.491830
Bastertkamp,15,,,8014EA,Zwolle,Zwolle,Overijssel,VBO,6.112267,52.491776
Bastertkamp,17,,,8014EA,Zwolle,Zwolle,Overijssel,VBO,6.112190,52.491763
Bastertkamp,19,,,8014EA,Zwolle,Zwolle,Overijssel,VBO,6.112157,52.491648
Bastertkamp,21,,,8014EA,Zwolle,Zwolle,Overijssel,VBO,6.112187,52.491587
Bastertkamp,23,,,8014EA,Zwolle,Zwolle,Overijssel,VBO,6.112223,52.491547
Bastertkamp,25,,,8014EA,Zwolle,Zwolle,Overijssel,VBO,6.112230,52.491484
Bastertkamp,27,,,8014EA,Zwolle,Zwolle,Overijssel,VBO,6.112285,52.491405
Bastertkamp,29,,,8014EA,Zwolle,Zwolle,Overijssel,VBO,6.112311,52.491351
Bastertkamp,31,,,8014EB,Zwolle,Zwolle,Overijssel,VBO,6.112677,52.492015
Bastertkamp,33,,,8014EB,Zwolle,Zwolle,Overijssel,VBO,6.112656,52.492070
Bastertkamp,35,,,8014EB,Zwolle,Zwolle,Overijssel,VBO,6.112632,52.492120
Bastertkamp,37,,,8014EB,Zwolle,Zwolle,Overijssel,VBO,6.112614,52.492174
Bastertkamp,39,,,8014EB,Zwolle,Zwolle,Overijssel,VBO,6.112594,52.492216
Bastertkamp,41,,,8014EB,Zwolle,Zwolle,Overijssel,VBO,6.112464,52.492379
Bastertkamp,43,,,8014EB,Zwolle,Zwolle,Overijssel,VBO,6.112392,52.492370
Bastertkamp,45,,,8014EB,Zwolle,Zwolle,Overijssel,VBO,6.112302,52.492357
Bastertkamp,47,,,8014EB,Zwolle,Zwolle,Overijssel,VBO,6.112249,52.492344
Bastertkamp,49,,,8014EB,Zwolle,Zwolle,Overijssel,VBO,6.112171,52.492331
Bastertkamp,51,,,8014EB,Zwolle,Zwolle,Overijssel,VBO,6.112099,52.492322
Bastertkamp,53,,,8014EB,Zwolle,Zwolle,Overijssel,VBO,6.112001,52.492305
Bastertkamp,55,,,8014EB,Zwolle,Zwolle,Overijssel,VBO,6.111965,52.492228
Bastertkamp,57,,,8014EB,Zwolle,Zwolle,Overijssel,VBO,6.111922,52.492170
Bastertkamp,59,,,8014EB,Zwolle,Zwolle,Overijssel,VBO,6.111941,52.492115
Bastertkamp,61,,,8014EB,Zwolle,Zwolle,Overijssel,VBO,6.111961,52.492068
Bastertkamp,63,,,8014EB,Zwolle,Zwolle,Overijssel,VBO,6.111964,52.492007
Bastertkamp,65,,,8014EB,Zwolle,Zwolle,Overijssel,VBO,6.112153,52.491939
Bastertkamp,67,,,8014EB,Zwolle,Zwolle,Overijssel,VBO,6.112241,52.491952
Bastertkamp,69,,,8014EB,Zwolle,Zwolle,Overijssel,VBO,6.112316,52.491958
Bastertkamp,2,,,8014EC,Zwolle,Zwolle,Overijssel,VBO,6.113093,52.491534
Bastertkamp,4,,,8014EC,Zwolle,Zwolle,Overijssel,VBO,6.113103,52.491580
Bastertkamp,6,,,8014EC,Zwolle,Zwolle,Overijssel,VBO,6.113075,52.491630
Bastertkamp,8,,,8014EC,Zwolle,Zwolle,Overijssel,VBO,6.113052,52.491689
Bastertkamp,10,,,8014EC,Zwolle,Zwolle,Overijssel,VBO,6.113023,52.491751
Bastertkamp,12,,,8014EC,Zwolle,Zwolle,Overijssel,VBO,6.112992,52.491792
Bastertkamp,14,,,8014EC,Zwolle,Zwolle,Overijssel,VBO,6.112928,52.492040
Bastertkamp,16,,,8014EC,Zwolle,Zwolle,Overijssel,VBO,6.112930,52.492104
Bastertkamp,18,,,8014EC,Zwolle,Zwolle,Overijssel,VBO,6.112907,52.492155
Bastertkamp,20,,,8014EC,Zwolle,Zwolle,Overijssel,VBO,6.112885,52.492205
Bastertkamp,22,,,8014EC,Zwolle,Zwolle,Overijssel,VBO,6.112864,52.492253
Bastertkamp,24,,,8014EC,Zwolle,Zwolle,Overijssel,VBO,6.112842,52.492303
Bastertkamp,26,,,8014EC,Zwolle,Zwolle,Overijssel,VBO,6.112821,52.492353
Bastertkamp,28,,,8014EC,Zwolle,Zwolle,Overijssel,VBO,6.112764,52.492398
Bastertkamp,30,,,8014EC,Zwolle,Zwolle,Overijssel,VBO,6.113009,52.492475
Bastertkamp,32,,,8014EC,Zwolle,Zwolle,Overijssel,VBO,6.113073,52.492484
Bastertkamp,34,,,8014EC,Zwolle,Zwolle,Overijssel,VBO,6.113143,52.492495
Bastertkamp,36,,,8014EC,Zwolle,Zwolle,Overijssel,VBO,6.113212,52.492508
Bastertkamp,38,,,8014EC,Zwolle,Zwolle,Overijssel,VBO,6.113288,52.492518
Bastertkamp,40,,,8014EC,Zwolle,Zwolle,Overijssel,VBO,6.113352,52.492531
Bastertkamp,42,,,8014EC,Zwolle,Zwolle,Overijssel,VBO,6.113413,52.492541
Bastertkamp,44,,,8014EC,Zwolle,Zwolle,Overijssel,VBO,6.113478,52.492554
Ten Busschekamp,1,,,8014ED,Zwolle,Zwolle,Overijssel,VBO,6.113802,52.491649
Ten Busschekamp,3,,,8014ED,Zwolle,Zwolle,Overijssel,VBO,6.113776,52.491703
Ten Busschekamp,5,,,8014ED,Zwolle,Zwolle,Overijssel,VBO,6.113731,52.491758
Ten Busschekamp,7,,,8014ED,Zwolle,Zwolle,Overijssel,VBO,6.113719,52.491799
Ten Busschekamp,9,,,8014ED,Zwolle,Zwolle,Overijssel,VBO,6.113690,52.491862
Ten Busschekamp,11,,,8014ED,Zwolle,Zwolle,Overijssel,VBO,6.113684,52.491913
Ten Busschekamp,13,,,8014ED,Zwolle,Zwolle,Overijssel,VBO,6.113562,52.492056
Ten Busschekamp,15,,,8014ED,Zwolle,Zwolle,Overijssel,VBO,6.113488,52.492045
Ten Busschekamp,17,,,8014ED,Zwolle,Zwolle,Overijssel,VBO,6.113382,52.492027
Ten Busschekamp,19,,,8014ED,Zwolle,Zwolle,Overijssel,VBO,6.113289,52.492009
Ten Busschekamp,21,,,8014ED,Zwolle,Zwolle,Overijssel,VBO,6.113580,52.492187
Ten Busschekamp,23,,,8014ED,Zwolle,Zwolle,Overijssel,VBO,6.113560,52.492230
Ten Busschekamp,25,,,8014ED,Zwolle,Zwolle,Overijssel,VBO,6.113536,52.492272
Ten Busschekamp,27,,,8014ED,Zwolle,Zwolle,Overijssel,VBO,6.113515,52.492317
Ten Busschekamp,29,,,8014ED,Zwolle,Zwolle,Overijssel,VBO,6.113504,52.492355
Ten Busschekamp,2,,,8014EE,Zwolle,Zwolle,Overijssel,VBO,6.113968,52.491796
Ten Busschekamp,4,,,8014EE,Zwolle,Zwolle,Overijssel,VBO,6.113950,52.491847
Ten Busschekamp,6,,,8014EE,Zwolle,Zwolle,Overijssel,VBO,6.113924,52.491916
Ten Busschekamp,8,,,8014EE,Zwolle,Zwolle,Overijssel,VBO,6.113890,52.491960
Ten Busschekamp,12,,,8014EE,Zwolle,Zwolle,Overijssel,VBO,6.114167,52.492205
Ten Busschekamp,16,,,8014EE,Zwolle,Zwolle,Overijssel,VBO,6.113978,52.492172
Ten Busschekamp,18,,,8014EE,Zwolle,Zwolle,Overijssel,VBO,6.113848,52.492328
Ten Busschekamp,20,,,8014EE,Zwolle,Zwolle,Overijssel,VBO,6.113843,52.492373
Ten Busschekamp,22,,,8014EE,Zwolle,Zwolle,Overijssel,VBO,6.113818,52.492431
Ten Busschekamp,24,,,8014EE,Zwolle,Zwolle,Overijssel,VBO,6.113796,52.492485
Ten Busschekamp,26,,,8014EE,Zwolle,Zwolle,Overijssel,VBO,6.113768,52.492544
Ten Busschekamp,28,,,8014EE,Zwolle,Zwolle,Overijssel,VBO,6.113731,52.492588
Ten Busschekamp,30,,,8014EE,Zwolle,Zwolle,Overijssel,VBO,6.114071,52.492673
Ten Busschekamp,32,,,8014EE,Zwolle,Zwolle,Overijssel,VBO,6.114112,52.492638
Ten Busschekamp,34,,,8014EE,Zwolle,Zwolle,Overijssel,VBO,6.114176,52.492613
Ten Busschekamp,36,,,8014EE,Zwolle,Zwolle,Overijssel,VBO,6.114242,52.492588
Ten Busschekamp,38,,,8014EE,Zwolle,Zwolle,Overijssel,VBO,6.114297,52.492568
Ten Busschekamp,40,,,8014EE,Zwolle,Zwolle,Overijssel,VBO,6.114350,52.492514
Ten Busschekamp,42,,,8014EG,Zwolle,Zwolle,Overijssel,VBO,6.114395,52.492486
Ten Busschekamp,44,,,8014EG,Zwolle,Zwolle,Overijssel,VBO,6.114447,52.492458
Ten Busschekamp,46,,,8014EG,Zwolle,Zwolle,Overijssel,VBO,6.114505,52.492431
Ten Busschekamp,48,,,8014EG,Zwolle,Zwolle,Overijssel,VBO,6.114565,52.492405
Ten Busschekamp,50,,,8014EG,Zwolle,Zwolle,Overijssel,VBO,6.114629,52.492388
Ten Busschekamp,52,,,8014EG,Zwolle,Zwolle,Overijssel,VBO,6.114715,52.492342
Ten Busschekamp,54,,,8014EG,Zwolle,Zwolle,Overijssel,VBO,6.114764,52.492317
Ten Busschekamp,56,,,8014EG,Zwolle,Zwolle,Overijssel,VBO,6.114822,52.492292
Ten Busschekamp,58,,,8014EG,Zwolle,Zwolle,Overijssel,VBO,6.114890,52.492271
Ten Busschekamp,60,,,8014EG,Zwolle,Zwolle,Overijssel,VBO,6.115056,52.492138
Ten Busschekamp,62,,,8014EG,Zwolle,Zwolle,Overijssel,VBO,6.115002,52.492100
Ten Busschekamp,64,,,8014EG,Zwolle,Zwolle,Overijssel,VBO,6.114941,52.492050
Ten Busschekamp,66,,,8014EG,Zwolle,Zwolle,Overijssel,VBO,6.114900,52.492010
Ten Busschekamp,68,,,8014EG,Zwolle,Zwolle,Overijssel,VBO,6.114869,52.491938
Ten Busschekamp,70,,,8014EG,Zwolle,Zwolle,Overijssel,VBO,6.114809,52.491898
Ten Busschekamp,72,,,8014EG,Zwolle,Zwolle,Overijssel,VBO,6.114750,52.491854
Ten Busschekamp,74,,,8014EG,Zwolle,Zwolle,Overijssel,VBO,6.114699,52.491808
Ten Busschekamp,76,,,8014EG,Zwolle,Zwolle,Overijssel,VBO,6.114662,52.491769
Goyerkamp,1,,,8014EH,Zwolle,Zwolle,Overijssel,VBO,6.116292,52.491437
Goyerkamp,2,,,8014EH,Zwolle,Zwolle,Overijssel,VBO,6.116510,52.491634
Goyerkamp,3,,,8014EH,Zwolle,Zwolle,Overijssel,VBO,6.116176,52.491438
Goyerkamp,4,,,8014EH,Zwolle,Zwolle,Overijssel,VBO,6.116437,52.491673
Goyerkamp,5,,,8014EH,Zwolle,Zwolle,Overijssel,VBO,6.116072,52.491438
Goyerkamp,6,,,8014EH,Zwolle,Zwolle,Overijssel,VBO,6.116387,52.491704
Goyerkamp,7,,,8014EH,Zwolle,Zwolle,Overijssel,VBO,6.115971,52.491439
Goyerkamp,8,,,8014EH,Zwolle,Zwolle,Overijssel,VBO,6.116316,52.491738
Goyerkamp,9,,,8014EH,Zwolle,Zwolle,Overijssel,VBO,6.115806,52.491513
Goyerkamp,10,,,8014EH,Zwolle,Zwolle,Overijssel,VBO,6.116154,52.491810
Goyerkamp,11,,,8014EH,Zwolle,Zwolle,Overijssel,VBO,6.115725,52.491540
Goyerkamp,12,,,8014EH,Zwolle,Zwolle,Overijssel,VBO,6.116087,52.491838
Goyerkamp,13,,,8014EH,Zwolle,Zwolle,Overijssel,VBO,6.115671,52.491567
Goyerkamp,14,,,8014EH,Zwolle,Zwolle,Overijssel,VBO,6.116002,52.491860
Goyerkamp,15,,,8014EH,Zwolle,Zwolle,Overijssel,VBO,6.115569,52.491618
Goyerkamp,16,,,8014EH,Zwolle,Zwolle,Overijssel,VBO,6.115908,52.491895
Goyerkamp,17,,,8014EH,Zwolle,Zwolle,Overijssel,VBO,6.115509,52.491759
Goyerkamp,19,,,8014EH,Zwolle,Zwolle,Overijssel,VBO,6.115556,52.491801
Goyerkamp,21,,,8014EH,Zwolle,Zwolle,Overijssel,VBO,6.115623,52.491859
Goyerkamp,23,,,8014EH,Zwolle,Zwolle,Overijssel,VBO,6.115677,52.491896
Timmermeesterslaan,1,,,8014EJ,Zwolle,Zwolle,Overijssel,VBO,6.112519,52.491322
Timmermeesterslaan,3,,,8014EJ,Zwolle,Zwolle,Overijssel,VBO,6.112608,52.491336
Timmermeesterslaan,5,,,8014EJ,Zwolle,Zwolle,Overijssel,VBO,6.112739,52.491370
Timmermeesterslaan,7,,,8014EJ,Zwolle,Zwolle,Overijssel,VBO,6.112847,52.491387
Timmermeesterslaan,9,,,8014EJ,Zwolle,Zwolle,Overijssel,VBO,6.113238,52.491395
Timmermeesterslaan,11,,,8014EJ,Zwolle,Zwolle,Overijssel,VBO,6.113299,52.491417
Timmermeesterslaan,13,,,8014EJ,Zwolle,Zwolle,Overijssel,VBO,6.113384,52.491434
Timmermeesterslaan,15,,,8014EJ,Zwolle,Zwolle,Overijssel,VBO,6.113473,52.491452
Timmermeesterslaan,17,,,8014EJ,Zwolle,Zwolle,Overijssel,VBO,6.113556,52.491465
Timmermeesterslaan,19,,,8014EJ,Zwolle,Zwolle,Overijssel,VBO,6.113632,52.491478
Timmermeesterslaan,21,,,8014EJ,Zwolle,Zwolle,Overijssel,VBO,6.113715,52.491492
Timmermeesterslaan,23,,,8014EJ,Zwolle,Zwolle,Overijssel,VBO,6.113797,52.491488
Timmermeesterslaan,25,,,8014EJ,Zwolle,Zwolle,Overijssel,VBO,6.114075,52.491674
Timmermeesterslaan,27,,,8014EJ,Zwolle,Zwolle,Overijssel,VBO,6.114163,52.491680
Timmermeesterslaan,29,,,8014EJ,Zwolle,Zwolle,Overijssel,VBO,6.114247,52.491697
Timmermeesterslaan,31,,,8014EK,Zwolle,Zwolle,Overijssel,VBO,6.114341,52.491712
Timmermeesterslaan,33,,,8014EK,Zwolle,Zwolle,Overijssel,VBO,6.114429,52.491725
Timmermeesterslaan,35,,,8014EK,Zwolle,Zwolle,Overijssel,VBO,6.114513,52.491730
Timmermeesterslaan,37,,,8014EK,Zwolle,Zwolle,Overijssel,VBO,6.116594,52.491378
Timmermeesterslaan,39,,,8014EK,Zwolle,Zwolle,Overijssel,VBO,6.116717,52.491393
Timmermeesterslaan,41,,,8014EK,Zwolle,Zwolle,Overijssel,VBO,6.116825,52.491391
Timmermeesterslaan,43,,,8014EK,Zwolle,Zwolle,Overijssel,VBO,6.116928,52.491379
Timmermeesterslaan,45,,,8014EK,Zwolle,Zwolle,Overijssel,VBO,6.117017,52.491349
Timmermeesterslaan,47,,,8014EK,Zwolle,Zwolle,Overijssel,VBO,6.117112,52.491320
Timmermeesterslaan,49,,,8014EK,Zwolle,Zwolle,Overijssel,VBO,6.117188,52.491269
Timmermeesterslaan,51,,,8014EK,Zwolle,Zwolle,Overijssel,VBO,6.117261,52.491227
Timmermeesterslaan,53,,,8014EK,Zwolle,Zwolle,Overijssel,VBO,6.117306,52.491163
Timmermeesterslaan,55,,,8014EK,Zwolle,Zwolle,Overijssel,VBO,6.117452,52.491120
Timmermeesterslaan,57,,,8014EK,Zwolle,Zwolle,Overijssel,VBO,6.117508,52.491081
Timmermeesterslaan,59,,,8014EK,Zwolle,Zwolle,Overijssel,VBO,6.117586,52.490989
Timmermeesterslaan,61,,,8014EK,Zwolle,Zwolle,Overijssel,VBO,6.117681,52.490954
Timmermeesterslaan,63,,,8014EK,Zwolle,Zwolle,Overijssel,VBO,6.117750,52.490904
Timmermeesterslaan,65,,,8014EK,Zwolle,Zwolle,Overijssel,VBO,6.117818,52.490859
Timmermeesterslaan,67,,,8014EK,Zwolle,Zwolle,Overijssel,VBO,6.117835,52.490784
Timmermeesterslaan,69,,,8014EK,Zwolle,Zwolle,Overijssel,VBO,6.117913,52.490739
Timmermeesterslaan,71,,,8014EK,Zwolle,Zwolle,Overijssel,VBO,6.118001,52.490693
Timmermeesterslaan,2,,,8014EL,Zwolle,Zwolle,Overijssel,VBO,6.112547,52.491069
Timmermeesterslaan,4,,,8014EL,Zwolle,Zwolle,Overijssel,VBO,6.112642,52.491087
Timmermeesterslaan,6,,,8014EL,Zwolle,Zwolle,Overijssel,VBO,6.112787,52.491083
Timmermeesterslaan,8,,,8014EL,Zwolle,Zwolle,Overijssel,VBO,6.112871,52.491099
Timmermeesterslaan,10,,,8014EL,Zwolle,Zwolle,Overijssel,VBO,6.113222,52.491158
Timmermeesterslaan,12,,,8014EL,Zwolle,Zwolle,Overijssel,VBO,6.113317,52.491173
Timmermeesterslaan,14,,,8014EL,Zwolle,Zwolle,Overijssel,VBO,6.113440,52.491205
Timmermeesterslaan,16,,,8014EL,Zwolle,Zwolle,Overijssel,VBO,6.113530,52.491218
Timmermeesterslaan,18,,,8014EL,Zwolle,Zwolle,Overijssel,VBO,6.113614,52.491248
Timmermeesterslaan,20,,,8014EL,Zwolle,Zwolle,Overijssel,VBO,6.113711,52.491264
Timmermeesterslaan,22,,,8014EL,Zwolle,Zwolle,Overijssel,VBO,6.113801,52.491270
Timmermeesterslaan,24,,,8014EL,Zwolle,Zwolle,Overijssel,VBO,6.113906,52.491289
Timmermeesterslaan,26,,,8014EL,Zwolle,Zwolle,Overijssel,VBO,6.113966,52.491315
Timmermeesterslaan,28,,,8014EL,Zwolle,Zwolle,Overijssel,VBO,6.114046,52.491328
Timmermeesterslaan,30,,,8014EL,Zwolle,Zwolle,Overijssel,VBO,6.114348,52.491461
Timmermeesterslaan,32,G,1,8014EL,Zwolle,Zwolle,Overijssel,VBO,6.114611,52.491473
Timmermeesterslaan,32,G,2,8014EL,Zwolle,Zwolle,Overijssel,VBO,6.114651,52.491478
Timmermeesterslaan,32,,,8014EL,Zwolle,Zwolle,Overijssel,VBO,6.114477,52.491468
Timmermeesterslaan,34,,,8014EM,Zwolle,Zwolle,Overijssel,VBO,6.114748,52.491449
Timmermeesterslaan,36,,,8014EM,Zwolle,Zwolle,Overijssel,VBO,6.114834,52.491405
Timmermeesterslaan,38,,,8014EM,Zwolle,Zwolle,Overijssel,VBO,6.114883,52.491366
Timmermeesterslaan,40,,,8014EM,Zwolle,Zwolle,Overijssel,VBO,6.114976,52.491326
Timmermeesterslaan,42,,,8014EM,Zwolle,Zwolle,Overijssel,VBO,6.115044,52.491304
Timmermeesterslaan,44,,,8014EM,Zwolle,Zwolle,Overijssel,VBO,6.115125,52.491268
Timmermeesterslaan,46,,,8014EM,Zwolle,Zwolle,Overijssel,VBO,6.115169,52.491233
Timmermeesterslaan,48,,,8014EM,Zwolle,Zwolle,Overijssel,VBO,6.115271,52.491188
Timmermeesterslaan,50,,,8014EM,Zwolle,Zwolle,Overijssel,VBO,6.115321,52.491167
Timmermeesterslaan,52,,,8014EM,Zwolle,Zwolle,Overijssel,VBO,6.115408,52.491141
Timmermeesterslaan,54,,,8014EN,Zwolle,Zwolle,Overijssel,VBO,6.116311,52.491120
Timmermeesterslaan,56,,,8014EN,Zwolle,Zwolle,Overijssel,VBO,6.116416,52.491117
Timmermeesterslaan,58,,,8014EN,Zwolle,Zwolle,Overijssel,VBO,6.116530,52.491115
Timmermeesterslaan,60,,,8014EN,Zwolle,Zwolle,Overijssel,VBO,6.116636,52.491120
Timmermeesterslaan,62,,,8014EN,Zwolle,Zwolle,Overijssel,VBO,6.116837,52.491074
Timmermeesterslaan,64,,,8014EN,Zwolle,Zwolle,Overijssel,VBO,6.116922,52.491039
Timmermeesterslaan,66,,,8014EN,Zwolle,Zwolle,Overijssel,VBO,6.116995,52.490991
Timmermeesterslaan,68,,,8014EN,Zwolle,Zwolle,Overijssel,VBO,6.117064,52.490923
Timmermeesterslaan,70,,,8014EN,Zwolle,Zwolle,Overijssel,VBO,6.117141,52.490877
Timmermeesterslaan,72,,,8014EN,Zwolle,Zwolle,Overijssel,VBO,6.117199,52.490836
Timmermeesterslaan,74,,,8014EN,Zwolle,Zwolle,Overijssel,VBO,6.117298,52.490807
Timmermeesterslaan,76,,,8014EN,Zwolle,Zwolle,Overijssel,VBO,6.117376,52.490758
Timmermeesterslaan,78,,,8014EN,Zwolle,Zwolle,Overijssel,VBO,6.117445,52.490707
Loezekamp,1,,,8014EP,Zwolle,Zwolle,Overijssel,VBO,6.113171,52.491030
Loezekamp,2,,,8014EP,Zwolle,Zwolle,Overijssel,VBO,6.112874,52.490904
Loezekamp,3,,,8014EP,Zwolle,Zwolle,Overijssel,VBO,6.113216,52.490991
Loezekamp,4,,,8014EP,Zwolle,Zwolle,Overijssel,VBO,6.112889,52.490830
Loezekamp,5,,,8014EP,Zwolle,Zwolle,Overijssel,VBO,6.113220,52.490922
Loezekamp,6,,,8014EP,Zwolle,Zwolle,Overijssel,VBO,6.112884,52.490745
Loezekamp,7,,,8014EP,Zwolle,Zwolle,Overijssel,VBO,6.113299,52.490848
Loezekamp,8,,,8014EP,Zwolle,Zwolle,Overijssel,VBO,6.112913,52.490691
Loezekamp,9,,,8014EP,Zwolle,Zwolle,Overijssel,VBO,6.113333,52.490796
Loezekamp,10,,,8014EP,Zwolle,Zwolle,Overijssel,VBO,6.113002,52.490604
Loezekamp,11,,,8014EP,Zwolle,Zwolle,Overijssel,VBO,6.113541,52.490774
Loezekamp,12,,,8014EP,Zwolle,Zwolle,Overijssel,VBO,6.113042,52.490529
Loezekamp,13,,,8014EP,Zwolle,Zwolle,Overijssel,VBO,6.113629,52.490804
Loezekamp,14,,,8014EP,Zwolle,Zwolle,Overijssel,VBO,6.113095,52.490444
Loezekamp,15,,,8014EP,Zwolle,Zwolle,Overijssel,VBO,6.113698,52.490829
Loezekamp,16,,,8014EP,Zwolle,Zwolle,Overijssel,VBO,6.113441,52.490550
Loezekamp,17,,,8014EP,Zwolle,Zwolle,Overijssel,VBO,6.113795,52.490848
Loezekamp,18,,,8014EP,Zwolle,Zwolle,Overijssel,VBO,6.113588,52.490542
Loezekamp,19,,,8014EP,Zwolle,Zwolle,Overijssel,VBO,6.113858,52.490878
Loezekamp,20,,,8014EP,Zwolle,Zwolle,Overijssel,VBO,6.113730,52.490569
Loezekamp,21,,,8014EP,Zwolle,Zwolle,Overijssel,VBO,6.113953,52.490887
Loezekamp,22,,,8014EP,Zwolle,Zwolle,Overijssel,VBO,6.113869,52.490595
Loezekamp,23,,,8014EP,Zwolle,Zwolle,Overijssel,VBO,6.114075,52.490954
Loezekamp,24,,,8014EP,Zwolle,Zwolle,Overijssel,VBO,6.113937,52.490633
Loezekamp,25,,,8014EP,Zwolle,Zwolle,Overijssel,VBO,6.114173,52.490972
Loezekamp,26,,,8014EP,Zwolle,Zwolle,Overijssel,VBO,6.114099,52.490721
Loezekamp,28,,,8014EP,Zwolle,Zwolle,Overijssel,VBO,6.114189,52.490735
Loezekamp,30,,,8014EP,Zwolle,Zwolle,Overijssel,VBO,6.114345,52.490765
Loezekamp,32,,,8014EP,Zwolle,Zwolle,Overijssel,VBO,6.114450,52.490791
Ludekenskamp,1,,,8014ER,Zwolle,Zwolle,Overijssel,VBO,6.114301,52.491332
Ludekenskamp,2,,,8014ER,Zwolle,Zwolle,Overijssel,VBO,6.114176,52.491145
Ludekenskamp,3,,,8014ER,Zwolle,Zwolle,Overijssel,VBO,6.114347,52.491294
Ludekenskamp,4,,,8014ER,Zwolle,Zwolle,Overijssel,VBO,6.114198,52.491084
Ludekenskamp,5,,,8014ER,Zwolle,Zwolle,Overijssel,VBO,6.114372,52.491235
Ludekenskamp,7,,,8014ER,Zwolle,Zwolle,Overijssel,VBO,6.114397,52.491169
Ludekenskamp,9,,,8014ER,Zwolle,Zwolle,Overijssel,VBO,6.114390,52.491118
Ludekenskamp,11,T,1,8014ER,Zwolle,Zwolle,Overijssel,VBO,6.114682,52.491179
Ludekenskamp,13,,,8014ER,Zwolle,Zwolle,Overijssel,VBO,6.114706,52.491047
Ludekenskamp,15,,,8014ER,Zwolle,Zwolle,Overijssel,VBO,6.114764,52.491001
Ludekenskamp,17,,,8014ER,Zwolle,Zwolle,Overijssel,VBO,6.114821,52.490967
Ludekenskamp,19,,,8014ER,Zwolle,Zwolle,Overijssel,VBO,6.114868,52.490906
Ludekenskamp,21,,,8014ER,Zwolle,Zwolle,Overijssel,VBO,6.114870,52.490849
Ludekenskamp,23,,,8014ER,Zwolle,Zwolle,Overijssel,VBO,6.114889,52.490792
Ludekenskamp,25,,,8014ER,Zwolle,Zwolle,Overijssel,VBO,6.115038,52.490605
Ludekenskamp,27,,,8014ER,Zwolle,Zwolle,Overijssel,VBO,6.115119,52.490548
Ludekenskamp,29,,,8014ER,Zwolle,Zwolle,Overijssel,VBO,6.115169,52.490465
Ludekenskamp,31,,,8014ER,Zwolle,Zwolle,Overijssel,VBO,6.115212,52.490406
Ludekenskamp,33,,,8014ER,Zwolle,Zwolle,Overijssel,VBO,6.115162,52.490289
Ludekenskamp,35,,,8014ER,Zwolle,Zwolle,Overijssel,VBO,6.115157,52.490195
Ludekenskamp,6,,,8014ES,Zwolle,Zwolle,Overijssel,VBO,6.114831,52.490370
Ludekenskamp,8,,,8014ES,Zwolle,Zwolle,Overijssel,VBO,6.114678,52.490377
Ludekenskamp,10,,,8014ES,Zwolle,Zwolle,Overijssel,VBO,6.114565,52.490354
Ludekenskamp,12,,,8014ES,Zwolle,Zwolle,Overijssel,VBO,6.114436,52.490312
Ludekenskamp,14,,,8014ES,Zwolle,Zwolle,Overijssel,VBO,6.114412,52.490230
Ludekenskamp,16,,,8014ES,Zwolle,Zwolle,Overijssel,VBO,6.114285,52.490221
Ludekenskamp,18,,,8014ES,Zwolle,Zwolle,Overijssel,VBO,6.114179,52.490224
Ludekenskamp,20,,,8014ES,Zwolle,Zwolle,Overijssel,VBO,6.114076,52.490198
Ludekenskamp,22,,,8014ES,Zwolle,Zwolle,Overijssel,VBO,6.113927,52.490150
Ludekenskamp,24,,,8014ES,Zwolle,Zwolle,Overijssel,VBO,6.113797,52.490092
Ludekenskamp,37,,,8014ES,Zwolle,Zwolle,Overijssel,VBO,6.115449,52.490061
Ludekenskamp,39,,,8014ES,Zwolle,Zwolle,Overijssel,VBO,6.115358,52.490038
Ludekenskamp,41,,,8014ES,Zwolle,Zwolle,Overijssel,VBO,6.115192,52.489985
Ludekenskamp,43,,,8014ES,Zwolle,Zwolle,Overijssel,VBO,6.115057,52.489946
Ludekenskamp,45,,,8014ES,Zwolle,Zwolle,Overijssel,VBO,6.114785,52.489820
Ludekenskamp,47,,,8014ES,Zwolle,Zwolle,Overijssel,VBO,6.114733,52.489878
Ludekenskamp,49,,,8014ES,Zwolle,Zwolle,Overijssel,VBO,6.114641,52.489998
Ludekenskamp,51,,,8014ES,Zwolle,Zwolle,Overijssel,VBO,6.114619,52.490063
Ludekenskamp,53,,,8014ES,Zwolle,Zwolle,Overijssel,VBO,6.114282,52.489932
Ludekenskamp,55,,,8014ES,Zwolle,Zwolle,Overijssel,VBO,6.114199,52.489903
Ludekenskamp,57,,,8014ES,Zwolle,Zwolle,Overijssel,VBO,6.114055,52.489863
Ludekenskamp,59,,,8014ES,Zwolle,Zwolle,Overijssel,VBO,6.113917,52.489852
Ludekenskamp,61,,,8014ES,Zwolle,Zwolle,Overijssel,VBO,6.113291,52.489863
Ludekenskamp,63,,,8014ES,Zwolle,Zwolle,Overijssel,VBO,6.113158,52.490026
Jellissenkamp,1,,,8014ET,Zwolle,Zwolle,Overijssel,VBO,6.116797,52.490792
Jellissenkamp,3,,,8014ET,Zwolle,Zwolle,Overijssel,VBO,6.116727,52.490752
Jellissenkamp,5,,,8014ET,Zwolle,Zwolle,Overijssel,VBO,6.116645,52.490705
Jellissenkamp,7,,,8014ET,Zwolle,Zwolle,Overijssel,VBO,6.116570,52.490658
Jellissenkamp,9,,,8014ET,Zwolle,Zwolle,Overijssel,VBO,6.116501,52.490607
Jellissenkamp,11,,,8014ET,Zwolle,Zwolle,Overijssel,VBO,6.116413,52.490557
Jellissenkamp,13,,,8014ET,Zwolle,Zwolle,Overijssel,VBO,6.116711,52.490465
Jellissenkamp,15,,,8014ET,Zwolle,Zwolle,Overijssel,VBO,6.116804,52.490438
Jellissenkamp,17,,,8014ET,Zwolle,Zwolle,Overijssel,VBO,6.116861,52.490366
Jellissenkamp,19,,,8014ET,Zwolle,Zwolle,Overijssel,VBO,6.117203,52.490355
Jellissenkamp,21,,,8014ET,Zwolle,Zwolle,Overijssel,VBO,6.117277,52.490409
Jellissenkamp,23,,,8014ET,Zwolle,Zwolle,Overijssel,VBO,6.117366,52.490461
Jellissenkamp,25,,,8014ET,Zwolle,Zwolle,Overijssel,VBO,6.117434,52.490502
Jellissenkamp,27,,,8014EV,Zwolle,Zwolle,Overijssel,VBO,6.117885,52.490468
Jellissenkamp,29,,,8014EV,Zwolle,Zwolle,Overijssel,VBO,6.117967,52.490429
Jellissenkamp,31,,,8014EV,Zwolle,Zwolle,Overijssel,VBO,6.118056,52.490380
Jellissenkamp,33,,,8014EV,Zwolle,Zwolle,Overijssel,VBO,6.118126,52.490335
Jellissenkamp,35,,,8014EV,Zwolle,Zwolle,Overijssel,VBO,6.118221,52.490306
Jellissenkamp,37,,,8014EV,Zwolle,Zwolle,Overijssel,VBO,6.118305,52.490254
Jellissenkamp,39,,,8014EV,Zwolle,Zwolle,Overijssel,VBO,6.118369,52.490213
Jellissenkamp,41,,,8014EV,Zwolle,Zwolle,Overijssel,VBO,6.118447,52.490160
Jellissenkamp,43,,,8014EV,Zwolle,Zwolle,Overijssel,VBO,6.118527,52.490101
Jellissenkamp,2,,,8014EW,Zwolle,Zwolle,Overijssel,VBO,6.116031,52.491102
Jellissenkamp,4,,,8014EW,Zwolle,Zwolle,Overijssel,VBO,6.116028,52.491058
Jellissenkamp,6,,,8014EW,Zwolle,Zwolle,Overijssel,VBO,6.116023,52.491000
Jellissenkamp,8,,,8014EW,Zwolle,Zwolle,Overijssel,VBO,6.116022,52.490935
Jellissenkamp,10,,,8014EW,Zwolle,Zwolle,Overijssel,VBO,6.116025,52.490890
Jellissenkamp,12,,,8014EW,Zwolle,Zwolle,Overijssel,VBO,6.116152,52.490830
Jellissenkamp,14,,,8014EW,Zwolle,Zwolle,Overijssel,VBO,6.116221,52.490783
Jellissenkamp,16,,,8014EW,Zwolle,Zwolle,Overijssel,VBO,6.116022,52.490579
Jellissenkamp,18,,,8014EW,Zwolle,Zwolle,Overijssel,VBO,6.115948,52.490511
Jellissenkamp,20,,,8014EW,Zwolle,Zwolle,Overijssel,VBO,6.115879,52.490447
Jellissenkamp,22,,,8014EW,Zwolle,Zwolle,Overijssel,VBO,6.116175,52.490401
Jellissenkamp,24,,,8014EW,Zwolle,Zwolle,Overijssel,VBO,6.116236,52.490331
Jellissenkamp,26,,,8014EW,Zwolle,Zwolle,Overijssel,VBO,6.116315,52.490278
Jellissenkamp,28,,,8014EW,Zwolle,Zwolle,Overijssel,VBO,6.116696,52.490241
Jellissenkamp,30,,,8014EW,Zwolle,Zwolle,Overijssel,VBO,6.116606,52.490181
Jellissenkamp,32,,,8014EW,Zwolle,Zwolle,Overijssel,VBO,6.116544,52.490119
Jellissenkamp,34,,,8014EW,Zwolle,Zwolle,Overijssel,VBO,6.116246,52.490080
Jellissenkamp,36,,,8014EW,Zwolle,Zwolle,Overijssel,VBO,6.116288,52.490012
Jellissenkamp,38,,,8014EW,Zwolle,Zwolle,Overijssel,VBO,6.116367,52.489978
Jellissenkamp,40,,,8014EW,Zwolle,Zwolle,Overijssel,VBO,6.116453,52.489901
Jellissenkamp,42,,,8014EW,Zwolle,Zwolle,Overijssel,VBO,6.116424,52.489640
Jellissenkamp,44,,,8014EW,Zwolle,Zwolle,Overijssel,VBO,6.116523,52.489694
Jellissenkamp,46,,,8014EW,Zwolle,Zwolle,Overijssel,VBO,6.116618,52.489742
Jellissenkamp,48,,,8014EW,Zwolle,Zwolle,Overijssel,VBO,6.116673,52.489808
Jellissenkamp,50,,,8014EX,Zwolle,Zwolle,Overijssel,VBO,6.116812,52.490038
Jellissenkamp,52,,,8014EX,Zwolle,Zwolle,Overijssel,VBO,6.116881,52.489974
Jellissenkamp,54,,,8014EX,Zwolle,Zwolle,Overijssel,VBO,6.116952,52.489920
Jellissenkamp,56,,,8014EX,Zwolle,Zwolle,Overijssel,VBO,6.117036,52.489873
Jellissenkamp,58,,,8014EX,Zwolle,Zwolle,Overijssel,VBO,6.117125,52.489806
Jellissenkamp,60,,,8014EX,Zwolle,Zwolle,Overijssel,VBO,6.117209,52.489760
Jellissenkamp,62,,,8014EX,Zwolle,Zwolle,Overijssel,VBO,6.117230,52.490012
Jellissenkamp,64,,,8014EX,Zwolle,Zwolle,Overijssel,VBO,6.117331,52.490071
Jellissenkamp,66,,,8014EX,Zwolle,Zwolle,Overijssel,VBO,6.117377,52.490133
Jellissenkamp,68,,,8014EX,Zwolle,Zwolle,Overijssel,VBO,6.117579,52.490323
Jellissenkamp,70,,,8014EX,Zwolle,Zwolle,Overijssel,VBO,6.117639,52.490284
Jellissenkamp,72,,,8014EX,Zwolle,Zwolle,Overijssel,VBO,6.117718,52.490237
Jellissenkamp,74,,,8014EX,Zwolle,Zwolle,Overijssel,VBO,6.117796,52.490188
Jellissenkamp,76,,,8014EX,Zwolle,Zwolle,Overijssel,VBO,6.117867,52.490140
Jellissenkamp,78,,,8014EX,Zwolle,Zwolle,Overijssel,VBO,6.117925,52.490081
Jellissenkamp,80,,,8014EX,Zwolle,Zwolle,Overijssel,VBO,6.117989,52.490030
Jellissenkamp,82,,,8014EX,Zwolle,Zwolle,Overijssel,VBO,6.118027,52.489931
Jellissenkamp,84,,,8014EX,Zwolle,Zwolle,Overijssel,VBO,6.118091,52.489899
Jellissenkamp,86,,,8014EX,Zwolle,Zwolle,Overijssel,VBO,6.118152,52.489866
Jellissenkamp,88,,,8014EX,Zwolle,Zwolle,Overijssel,VBO,6.118217,52.489829
Jellissenkamp,90,,,8014EX,Zwolle,Zwolle,Overijssel,VBO,6.118272,52.489793
Jellissenkamp,92,,,8014EX,Zwolle,Zwolle,Overijssel,VBO,6.118338,52.489756
Jellissenkamp,94,,,8014EX,Zwolle,Zwolle,Overijssel,VBO,6.118395,52.489718
Wayerkamp,1,,,8014GA,Zwolle,Zwolle,Overijssel,VBO,6.119019,52.488947
Wayerkamp,3,,,8014GA,Zwolle,Zwolle,Overijssel,VBO,6.118952,52.488978
Wayerkamp,5,,,8014GA,Zwolle,Zwolle,Overijssel,VBO,6.118896,52.489019
Wayerkamp,7,,,8014GA,Zwolle,Zwolle,Overijssel,VBO,6.118830,52.489057
Wayerkamp,9,,,8014GA,Zwolle,Zwolle,Overijssel,VBO,6.118723,52.489065
Wayerkamp,11,,,8014GA,Zwolle,Zwolle,Overijssel,VBO,6.118655,52.489106
Wayerkamp,13,,,8014GA,Zwolle,Zwolle,Overijssel,VBO,6.118597,52.489147
Wayerkamp,15,,,8014GA,Zwolle,Zwolle,Overijssel,VBO,6.118547,52.489178
Wayerkamp,17,,,8014GA,Zwolle,Zwolle,Overijssel,VBO,6.118400,52.489183
Wayerkamp,19,,,8014GA,Zwolle,Zwolle,Overijssel,VBO,6.118339,52.489218
Wayerkamp,21,,,8014GA,Zwolle,Zwolle,Overijssel,VBO,6.118283,52.489253
Wayerkamp,23,,,8014GA,Zwolle,Zwolle,Overijssel,VBO,6.118215,52.489294
Wayerkamp,25,,,8014GA,Zwolle,Zwolle,Overijssel,VBO,6.118149,52.489336
Wayerkamp,27,,,8014GA,Zwolle,Zwolle,Overijssel,VBO,6.117929,52.489474
Wayerkamp,29,,,8014GA,Zwolle,Zwolle,Overijssel,VBO,6.117976,52.489515
Wayerkamp,31,,,8014GA,Zwolle,Zwolle,Overijssel,VBO,6.118045,52.489555
Wayerkamp,33,,,8014GA,Zwolle,Zwolle,Overijssel,VBO,6.118103,52.489587
Wayerkamp,35,,,8014GA,Zwolle,Zwolle,Overijssel,VBO,6.118167,52.489619
Wayerkamp,37,,,8014GA,Zwolle,Zwolle,Overijssel,VBO,6.118675,52.489940
Wayerkamp,39,,,8014GB,Zwolle,Zwolle,Overijssel,VBO,6.118720,52.489966
Wayerkamp,41,,,8014GB,Zwolle,Zwolle,Overijssel,VBO,6.118782,52.490002
Wayerkamp,43,,,8014GB,Zwolle,Zwolle,Overijssel,VBO,6.118841,52.490037
Wayerkamp,45,,,8014GB,Zwolle,Zwolle,Overijssel,VBO,6.118908,52.490074
Wayerkamp,47,,,8014GB,Zwolle,Zwolle,Overijssel,VBO,6.118971,52.490106
Wayerkamp,49,,,8014GB,Zwolle,Zwolle,Overijssel,VBO,6.119002,52.490133
Wayerkamp,51,,,8014GB,Zwolle,Zwolle,Overijssel,VBO,6.119194,52.489994
Wayerkamp,53,,,8014GB,Zwolle,Zwolle,Overijssel,VBO,6.119262,52.489974
Wayerkamp,55,,,8014GB,Zwolle,Zwolle,Overijssel,VBO,6.119306,52.489918
Wayerkamp,57,,,8014GB,Zwolle,Zwolle,Overijssel,VBO,6.119368,52.489884
Wayerkamp,59,,,8014GB,Zwolle,Zwolle,Overijssel,VBO,6.119422,52.489848
Wayerkamp,61,,,8014GB,Zwolle,Zwolle,Overijssel,VBO,6.119479,52.489811
Wayerkamp,63,,,8014GB,Zwolle,Zwolle,Overijssel,VBO,6.119531,52.489769
Wayerkamp,65,,,8014GB,Zwolle,Zwolle,Overijssel,VBO,6.119616,52.489716
Wayerkamp,67,,,8014GB,Zwolle,Zwolle,Overijssel,VBO,6.119684,52.489686
Wayerkamp,69,,,8014GB,Zwolle,Zwolle,Overijssel,VBO,6.119746,52.489649
Wayerkamp,71,,,8014GB,Zwolle,Zwolle,Overijssel,VBO,6.119810,52.489612
Wayerkamp,73,,,8014GB,Zwolle,Zwolle,Overijssel,VBO,6.119865,52.489575
Wayerkamp,75,,,8014GB,Zwolle,Zwolle,Overijssel,VBO,6.119922,52.489535
Wayerkamp,77,,,8014GB,Zwolle,Zwolle,Overijssel,VBO,6.119978,52.489499
Wayerkamp,79,,,8014GB,Zwolle,Zwolle,Overijssel,VBO,6.120031,52.489460
Wayerkamp,2,,,8014GC,Zwolle,Zwolle,Overijssel,VBO,6.118950,52.489317
Wayerkamp,4,,,8014GC,Zwolle,Zwolle,Overijssel,VBO,6.118901,52.489364
Wayerkamp,6,,,8014GC,Zwolle,Zwolle,Overijssel,VBO,6.118838,52.489402
Wayerkamp,8,,,8014GC,Zwolle,Zwolle,Overijssel,VBO,6.118784,52.489437
Wayerkamp,10,,,8014GC,Zwolle,Zwolle,Overijssel,VBO,6.118727,52.489476
Wayerkamp,12,,,8014GC,Zwolle,Zwolle,Overijssel,VBO,6.118647,52.489513
Wayerkamp,14,,,8014GC,Zwolle,Zwolle,Overijssel,VBO,6.118857,52.489596
Wayerkamp,16,,,8014GC,Zwolle,Zwolle,Overijssel,VBO,6.118917,52.489635
Wayerkamp,18,,,8014GC,Zwolle,Zwolle,Overijssel,VBO,6.118991,52.489676
Wayerkamp,20,,,8014GC,Zwolle,Zwolle,Overijssel,VBO,6.119051,52.489710
Wayerkamp,22,,,8014GC,Zwolle,Zwolle,Overijssel,VBO,6.119113,52.489742
Wayerkamp,24,T,1,8014GC,Zwolle,Zwolle,Overijssel,VBO,6.119269,52.489648
Wayerkamp,26,,,8014GC,Zwolle,Zwolle,Overijssel,VBO,6.119295,52.489578
Wayerkamp,28,,,8014GC,Zwolle,Zwolle,Overijssel,VBO,6.119353,52.489545
Wayerkamp,30,,,8014GC,Zwolle,Zwolle,Overijssel,VBO,6.119409,52.489505
Wayerkamp,32,,,8014GC,Zwolle,Zwolle,Overijssel,VBO,6.119466,52.489468
Wayerkamp,34,,,8014GC,Zwolle,Zwolle,Overijssel,VBO,6.119528,52.489429
Wayerkamp,36,,,8014GC,Zwolle,Zwolle,Overijssel,VBO,6.119589,52.489387
Wayerkamp,38,,,8014GC,Zwolle,Zwolle,Overijssel,VBO,6.119642,52.489355
Wayerkamp,40,,,8014GC,Zwolle,Zwolle,Overijssel,VBO,6.119332,52.489262
Wayerkamp,42,,,8014GC,Zwolle,Zwolle,Overijssel,VBO,6.119272,52.489230
Wayerkamp,44,,,8014GC,Zwolle,Zwolle,Overijssel,VBO,6.119215,52.489192
Wayerkamp,46,,,8014GC,Zwolle,Zwolle,Overijssel,VBO,6.119144,52.489155
Ulgerkamp,2,,,8014GD,Zwolle,Zwolle,Overijssel,VBO,6.120002,52.489284
Ulgerkamp,4,,,8014GD,Zwolle,Zwolle,Overijssel,VBO,6.120031,52.489250
Ulgerkamp,6,,,8014GD,Zwolle,Zwolle,Overijssel,VBO,6.120069,52.489207
Ulgerkamp,8,,,8014GD,Zwolle,Zwolle,Overijssel,VBO,6.120124,52.489169
Ulgerkamp,10,,,8014GD,Zwolle,Zwolle,Overijssel,VBO,6.120184,52.489134
Ulgerkamp,12,,,8014GD,Zwolle,Zwolle,Overijssel,VBO,6.120232,52.489095
Ulgerkamp,14,,,8014GD,Zwolle,Zwolle,Overijssel,VBO,6.120517,52.488869
Ulgerkamp,16,,,8014GD,Zwolle,Zwolle,Overijssel,VBO,6.120573,52.488840
Ulgerkamp,18,,,8014GD,Zwolle,Zwolle,Overijssel,VBO,6.120621,52.488804
Ulgerkamp,20,,,8014GD,Zwolle,Zwolle,Overijssel,VBO,6.120655,52.488756
Ulgerkamp,22,,,8014GD,Zwolle,Zwolle,Overijssel,VBO,6.120712,52.488715
Ulgerkamp,24,,,8014GD,Zwolle,Zwolle,Overijssel,VBO,6.120849,52.488612
Ulgerkamp,26,,,8014GD,Zwolle,Zwolle,Overijssel,VBO,6.120920,52.488581
Ulgerkamp,28,,,8014GD,Zwolle,Zwolle,Overijssel,VBO,6.120652,52.488557
Ulgerkamp,30,,,8014GD,Zwolle,Zwolle,Overijssel,VBO,6.120590,52.488591
Ulgerkamp,1,,,8014GE,Zwolle,Zwolle,Overijssel,VBO,6.120237,52.489251
Ulgerkamp,3,,,8014GE,Zwolle,Zwolle,Overijssel,VBO,6.120295,52.489236
Ulgerkamp,5,,,8014GE,Zwolle,Zwolle,Overijssel,VBO,6.120347,52.489202
Ulgerkamp,7,,,8014GE,Zwolle,Zwolle,Overijssel,VBO,6.120401,52.489164
Ulgerkamp,9,,,8014GE,Zwolle,Zwolle,Overijssel,VBO,6.120458,52.489126
Ulgerkamp,11,,,8014GE,Zwolle,Zwolle,Overijssel,VBO,6.120523,52.489101
Ulgerkamp,13,,,8014GE,Zwolle,Zwolle,Overijssel,VBO,6.120570,52.489061
Ulgerkamp,15,,,8014GE,Zwolle,Zwolle,Overijssel,VBO,6.120738,52.488879
Ulgerkamp,17,,,8014GE,Zwolle,Zwolle,Overijssel,VBO,6.120794,52.488843
Ulgerkamp,19,,,8014GE,Zwolle,Zwolle,Overijssel,VBO,6.120842,52.488809
Ulgerkamp,21,,,8014GE,Zwolle,Zwolle,Overijssel,VBO,6.120885,52.488766
Ulgerkamp,23,,,8014GE,Zwolle,Zwolle,Overijssel,VBO,6.120938,52.488732
Ulgerkamp,25,,,8014GE,Zwolle,Zwolle,Overijssel,VBO,6.120993,52.488698
Ulgerkamp,27,,,8014GE,Zwolle,Zwolle,Overijssel,VBO,6.121048,52.488666
Ulgerkamp,29,,,8014GE,Zwolle,Zwolle,Overijssel,VBO,6.121150,52.488629
Ulgerkamp,31,,,8014GE,Zwolle,Zwolle,Overijssel,VBO,6.121203,52.488597
Ulgerkamp,33,,,8014GE,Zwolle,Zwolle,Overijssel,VBO,6.121255,52.488562
Ulgerkamp,35,,,8014GE,Zwolle,Zwolle,Overijssel,VBO,6.121305,52.488530
Ulgerkamp,37,,,8014GE,Zwolle,Zwolle,Overijssel,VBO,6.121436,52.488511
Ulgerkamp,39,,,8014GE,Zwolle,Zwolle,Overijssel,VBO,6.121422,52.488440
Ulgerkamp,41,,,8014GG,Zwolle,Zwolle,Overijssel,VBO,6.121306,52.488411
Ulgerkamp,43,,,8014GG,Zwolle,Zwolle,Overijssel,VBO,6.121261,52.488385
Ulgerkamp,45,,,8014GG,Zwolle,Zwolle,Overijssel,VBO,6.121212,52.488355
Ulgerkamp,47,,,8014GG,Zwolle,Zwolle,Overijssel,VBO,6.121157,52.488321
Ulgerkamp,49,,,8014GG,Zwolle,Zwolle,Overijssel,VBO,6.121084,52.488295
Ulgerkamp,51,,,8014GG,Zwolle,Zwolle,Overijssel,VBO,6.121023,52.488259
Ulgerkamp,53,,,8014GG,Zwolle,Zwolle,Overijssel,VBO,6.120990,52.488191
Ulgerkamp,55,,,8014GG,Zwolle,Zwolle,Overijssel,VBO,6.120861,52.488199
Ulgerkamp,57,,,8014GG,Zwolle,Zwolle,Overijssel,VBO,6.120835,52.488264
Ulgerkamp,59,,,8014GG,Zwolle,Zwolle,Overijssel,VBO,6.120782,52.488293
Ulgerkamp,61,,,8014GG,Zwolle,Zwolle,Overijssel,VBO,6.120729,52.488326
Ulgerkamp,63,,,8014GG,Zwolle,Zwolle,Overijssel,VBO,6.120679,52.488362
Ulgerkamp,65,,,8014GG,Zwolle,Zwolle,Overijssel,VBO,6.120623,52.488397
Ulgerkamp,67,,,8014GG,Zwolle,Zwolle,Overijssel,VBO,6.120568,52.488430
Ulgerkamp,69,,,8014GH,Zwolle,Zwolle,Overijssel,VBO,6.120278,52.488407
Ulgerkamp,71,,,8014GH,Zwolle,Zwolle,Overijssel,VBO,6.120332,52.488440
Ulgerkamp,73,,,8014GH,Zwolle,Zwolle,Overijssel,VBO,6.120380,52.488474
Ulgerkamp,75,,,8014GH,Zwolle,Zwolle,Overijssel,VBO,6.120206,52.488669
Ulgerkamp,77,,,8014GH,Zwolle,Zwolle,Overijssel,VBO,6.120142,52.488698
Ulgerkamp,79,,,8014GH,Zwolle,Zwolle,Overijssel,VBO,6.120096,52.488735
Wayerkamp,81,,,8014GJ,Zwolle,Zwolle,Overijssel,VBO,6.119701,52.489038
Wayerkamp,83,,,8014GJ,Zwolle,Zwolle,Overijssel,VBO,6.119642,52.489018
Wayerkamp,85,,,8014GJ,Zwolle,Zwolle,Overijssel,VBO,6.119588,52.488993
Wayerkamp,87,,,8014GJ,Zwolle,Zwolle,Overijssel,VBO,6.119526,52.488956
Wayerkamp,89,,,8014GJ,Zwolle,Zwolle,Overijssel,VBO,6.119471,52.488905
Wayerkamp,91,,,8014GJ,Zwolle,Zwolle,Overijssel,VBO,6.119468,52.488810
Wayerkamp,93,,,8014GJ,Zwolle,Zwolle,Overijssel,VBO,6.119514,52.488756
Wayerkamp,95,,,8014GJ,Zwolle,Zwolle,Overijssel,VBO,6.119586,52.488736
Splijtloffkamp,1,,,8014GK,Zwolle,Zwolle,Overijssel,VBO,6.116049,52.487370
Splijtloffkamp,3,,,8014GK,Zwolle,Zwolle,Overijssel,VBO,6.116013,52.487320
Splijtloffkamp,5,,,8014GK,Zwolle,Zwolle,Overijssel,VBO,6.115965,52.487272
Splijtloffkamp,7,,,8014GK,Zwolle,Zwolle,Overijssel,VBO,6.115954,52.487179
Splijtloffkamp,9,,,8014GK,Zwolle,Zwolle,Overijssel,VBO,6.116031,52.487077
Splijtloffkamp,11,,,8014GK,Zwolle,Zwolle,Overijssel,VBO,6.116160,52.487078
Splijtloffkamp,13,,,8014GK,Zwolle,Zwolle,Overijssel,VBO,6.116224,52.487045
Splijtloffkamp,15,,,8014GK,Zwolle,Zwolle,Overijssel,VBO,6.116301,52.487017
Splijtloffkamp,17,,,8014GK,Zwolle,Zwolle,Overijssel,VBO,6.116378,52.486993
Splijtloffkamp,19,,,8014GK,Zwolle,Zwolle,Overijssel,VBO,6.116504,52.486925
Splijtloffkamp,21,,,8014GK,Zwolle,Zwolle,Overijssel,VBO,6.116546,52.486876
Splijtloffkamp,23,,,8014GK,Zwolle,Zwolle,Overijssel,VBO,6.116599,52.486828
Splijtloffkamp,25,,,8014GK,Zwolle,Zwolle,Overijssel,VBO,6.116651,52.486794
Splijtloffkamp,27,,,8014GL,Zwolle,Zwolle,Overijssel,VBO,6.116487,52.486583
Splijtloffkamp,29,,,8014GL,Zwolle,Zwolle,Overijssel,VBO,6.116561,52.486604
Splijtloffkamp,31,,,8014GL,Zwolle,Zwolle,Overijssel,VBO,6.116634,52.486636
Splijtloffkamp,33,,,8014GL,Zwolle,Zwolle,Overijssel,VBO,6.116707,52.486664
Splijtloffkamp,35,,,8014GL,Zwolle,Zwolle,Overijssel,VBO,6.116790,52.486697
Splijtloffkamp,37,,,8014GL,Zwolle,Zwolle,Overijssel,VBO,6.116863,52.486726
Splijtloffkamp,39,,,8014GL,Zwolle,Zwolle,Overijssel,VBO,6.116931,52.486752
Splijtloffkamp,41,,,8014GL,Zwolle,Zwolle,Overijssel,VBO,6.117001,52.486778
Splijtloffkamp,43,,,8014GL,Zwolle,Zwolle,Overijssel,VBO,6.117071,52.486806
Splijtloffkamp,45,R,1,8014GL,Zwolle,Zwolle,Overijssel,VBO,6.116993,52.486451
Splijtloffkamp,45,,,8014GL,Zwolle,Zwolle,Overijssel,VBO,6.117132,52.486832
Stokmeesterslaan,1,T,1,8014GM,Zwolle,Zwolle,Overijssel,VBO,6.118556,52.487890
Stokmeesterslaan,1,,,8014GM,Zwolle,Zwolle,Overijssel,VBO,6.118593,52.488183
Stokmeesterslaan,3,,,8014GM,Zwolle,Zwolle,Overijssel,VBO,6.118355,52.488294
Stokmeesterslaan,5,,,8014GM,Zwolle,Zwolle,Overijssel,VBO,6.118340,52.488638
Stokmeesterslaan,2,,,8014GN,Zwolle,Zwolle,Overijssel,VBO,6.117787,52.487185
Stokmeesterslaan,4,,,8014GN,Zwolle,Zwolle,Overijssel,VBO,6.117863,52.487219
Stokmeesterslaan,6,,,8014GN,Zwolle,Zwolle,Overijssel,VBO,6.117927,52.487242
Stokmeesterslaan,8,,,8014GN,Zwolle,Zwolle,Overijssel,VBO,6.118003,52.487273
Stokmeesterslaan,10,,,8014GN,Zwolle,Zwolle,Overijssel,VBO,6.118073,52.487298
Stokmeesterslaan,12,,,8014GN,Zwolle,Zwolle,Overijssel,VBO,6.118129,52.487326
Stokmeesterslaan,14,,,8014GN,Zwolle,Zwolle,Overijssel,VBO,6.118241,52.487379
Stokmeesterslaan,16,,,8014GN,Zwolle,Zwolle,Overijssel,VBO,6.118305,52.487404
Stokmeesterslaan,18,,,8014GN,Zwolle,Zwolle,Overijssel,VBO,6.118374,52.487430
Stokmeesterslaan,20,,,8014GN,Zwolle,Zwolle,Overijssel,VBO,6.118435,52.487457
Stokmeesterslaan,22,,,8014GN,Zwolle,Zwolle,Overijssel,VBO,6.119321,52.488167
Stokmeesterslaan,24,,,8014GN,Zwolle,Zwolle,Overijssel,VBO,6.119358,52.488228
Stokmeesterslaan,26,,,8014GN,Zwolle,Zwolle,Overijssel,VBO,6.119402,52.488281
Stokmeesterslaan,28,,,8014GN,Zwolle,Zwolle,Overijssel,VBO,6.119448,52.488313
Stokmeesterslaan,30,,,8014GN,Zwolle,Zwolle,Overijssel,VBO,6.119526,52.488331
Stokmeesterslaan,32,,,8014GN,Zwolle,Zwolle,Overijssel,VBO,6.119596,52.488328
Stokmeesterslaan,34,,,8014GN,Zwolle,Zwolle,Overijssel,VBO,6.119678,52.488309
Stokmeesterslaan,36,,,8014GN,Zwolle,Zwolle,Overijssel,VBO,6.119751,52.488289
Sweerssenkamp,2,,,8014GP,Zwolle,Zwolle,Overijssel,VBO,6.118525,52.487471
Sweerssenkamp,4,,,8014GP,Zwolle,Zwolle,Overijssel,VBO,6.118605,52.487461
Sweerssenkamp,6,,,8014GP,Zwolle,Zwolle,Overijssel,VBO,6.118681,52.487450
Sweerssenkamp,8,,,8014GP,Zwolle,Zwolle,Overijssel,VBO,6.118771,52.487441
Sweerssenkamp,10,D,1,8014GP,Zwolle,Zwolle,Overijssel,VBO,6.118804,52.487148
Sweerssenkamp,12,,,8014GP,Zwolle,Zwolle,Overijssel,VBO,6.118964,52.487448
Sweerssenkamp,14,,,8014GP,Zwolle,Zwolle,Overijssel,VBO,6.119051,52.487474
Sweerssenkamp,16,,,8014GP,Zwolle,Zwolle,Overijssel,VBO,6.119130,52.487494
Sweerssenkamp,18,,,8014GP,Zwolle,Zwolle,Overijssel,VBO,6.119205,52.487515
Sweerssenkamp,20,,,8014GP,Zwolle,Zwolle,Overijssel,VBO,6.119283,52.487536
Sweerssenkamp,22,,,8014GP,Zwolle,Zwolle,Overijssel,VBO,6.119364,52.487555
Sweerssenkamp,24,,,8014GP,Zwolle,Zwolle,Overijssel,VBO,6.119434,52.487571
Sweerssenkamp,26,,,8014GP,Zwolle,Zwolle,Overijssel,VBO,6.119557,52.487667
Sweerssenkamp,28,,,8014GP,Zwolle,Zwolle,Overijssel,VBO,6.119590,52.487712
Sweerssenkamp,30,,,8014GP,Zwolle,Zwolle,Overijssel,VBO,6.119627,52.487767
Sweerssenkamp,32,,,8014GP,Zwolle,Zwolle,Overijssel,VBO,6.119691,52.487803
Sweerssenkamp,34,,,8014GP,Zwolle,Zwolle,Overijssel,VBO,6.119777,52.487828
Sweerssenkamp,36,,,8014GP,Zwolle,Zwolle,Overijssel,VBO,6.119845,52.487823
Sweerssenkamp,38,,,8014GP,Zwolle,Zwolle,Overijssel,VBO,6.119916,52.487802
Sweerssenkamp,40,,,8014GP,Zwolle,Zwolle,Overijssel,VBO,6.119981,52.487781
Sweerssenkamp,1,,,8014GR,Zwolle,Zwolle,Overijssel,VBO,6.118852,52.487749
Sweerssenkamp,3,,,8014GR,Zwolle,Zwolle,Overijssel,VBO,6.118929,52.487775
Sweerssenkamp,5,,,8014GR,Zwolle,Zwolle,Overijssel,VBO,6.119013,52.487797
Sweerssenkamp,7,,,8014GR,Zwolle,Zwolle,Overijssel,VBO,6.119096,52.487820
Sweerssenkamp,9,,,8014GR,Zwolle,Zwolle,Overijssel,VBO,6.119220,52.487836
Sweerssenkamp,11,,,8014GR,Zwolle,Zwolle,Overijssel,VBO,6.119228,52.487928
Sweerssenkamp,13,,,8014GR,Zwolle,Zwolle,Overijssel,VBO,6.119257,52.487972
Sweerssenkamp,15,,,8014GR,Zwolle,Zwolle,Overijssel,VBO,6.119296,52.488026
Sweerssenkamp,17,,,8014GR,Zwolle,Zwolle,Overijssel,VBO,6.119327,52.488078
Sweerssenkamp,42,,,8014GR,Zwolle,Zwolle,Overijssel,VBO,6.120197,52.487866
Sweerssenkamp,44,,,8014GR,Zwolle,Zwolle,Overijssel,VBO,6.120241,52.487914
Sweerssenkamp,46,,,8014GR,Zwolle,Zwolle,Overijssel,VBO,6.120270,52.487961
Sweerssenkamp,48,,,8014GR,Zwolle,Zwolle,Overijssel,VBO,6.120273,52.488006
Sweerssenkamp,50,,,8014GR,Zwolle,Zwolle,Overijssel,VBO,6.120235,52.488061
Sweerssenkamp,52,,,8014GR,Zwolle,Zwolle,Overijssel,VBO,6.120185,52.488089
Sweerssenkamp,54,,,8014GR,Zwolle,Zwolle,Overijssel,VBO,6.120105,52.488114
Sweerssenkamp,56,,,8014GR,Zwolle,Zwolle,Overijssel,VBO,6.120017,52.488130
Holtmate,1,,,8014HA,Zwolle,Zwolle,Overijssel,VBO,6.122924,52.483401
Holtmate,2,,,8014HA,Zwolle,Zwolle,Overijssel,VBO,6.122755,52.482988
Holtmate,3,,,8014HA,Zwolle,Zwolle,Overijssel,VBO,6.122983,52.483367
Holtmate,4,,,8014HA,Zwolle,Zwolle,Overijssel,VBO,6.122831,52.483003
Holtmate,5,,,8014HA,Zwolle,Zwolle,Overijssel,VBO,6.123033,52.483323
Holtmate,6,,,8014HA,Zwolle,Zwolle,Overijssel,VBO,6.122920,52.483019
Holtmate,7,,,8014HA,Zwolle,Zwolle,Overijssel,VBO,6.123074,52.483276
Holtmate,8,,,8014HA,Zwolle,Zwolle,Overijssel,VBO,6.122993,52.483026
Holtmate,10,,,8014HA,Zwolle,Zwolle,Overijssel,VBO,6.123106,52.483060
Holtmate,12,,,8014HA,Zwolle,Zwolle,Overijssel,VBO,6.123168,52.483091
Holtmate,14,,,8014HA,Zwolle,Zwolle,Overijssel,VBO,6.123234,52.483118
Holtmate,16,,,8014HA,Zwolle,Zwolle,Overijssel,VBO,6.123295,52.483148
Holtmate,18,,,8014HA,Zwolle,Zwolle,Overijssel,VBO,6.123363,52.483176
Hanselaarmate,4,T,1,8014HB,Zwolle,Zwolle,Overijssel,VBO,6.122517,52.483933
Hanselaarmate,4,,,8014HB,Zwolle,Zwolle,Overijssel,VBO,6.122682,52.483944
Hanselaarmate,6,,,8014HB,Zwolle,Zwolle,Overijssel,VBO,6.122756,52.483962
Hanselaarmate,8,,,8014HB,Zwolle,Zwolle,Overijssel,VBO,6.122835,52.483980
Hanselaarmate,10,,,8014HB,Zwolle,Zwolle,Overijssel,VBO,6.122912,52.483820
Hanselaarmate,12,,,8014HB,Zwolle,Zwolle,Overijssel,VBO,6.122960,52.483783
Hanselaarmate,14,,,8014HB,Zwolle,Zwolle,Overijssel,VBO,6.123016,52.483746
Hanselaarmate,16,,,8014HB,Zwolle,Zwolle,Overijssel,VBO,6.123181,52.483700
Hanselaarmate,18,,,8014HB,Zwolle,Zwolle,Overijssel,VBO,6.123228,52.483653
Hanselaarmate,20,,,8014HB,Zwolle,Zwolle,Overijssel,VBO,6.123277,52.483613
Hanselaarmate,22,,,8014HB,Zwolle,Zwolle,Overijssel,VBO,6.123325,52.483579
Hanselaarmate,24,,,8014HB,Zwolle,Zwolle,Overijssel,VBO,6.123449,52.483543
Hanselaarmate,26,,,8014HB,Zwolle,Zwolle,Overijssel,VBO,6.123487,52.483497
Hanselaarmate,28,,,8014HB,Zwolle,Zwolle,Overijssel,VBO,6.123523,52.483450
Hanselaarmate,30,,,8014HB,Zwolle,Zwolle,Overijssel,VBO,6.123553,52.483409
Hanselaarmate,32,,,8014HB,Zwolle,Zwolle,Overijssel,VBO,6.123586,52.483366
Hanselaarmate,34,,,8014HC,Zwolle,Zwolle,Overijssel,VBO,6.123966,52.483462
Hanselaarmate,36,,,8014HC,Zwolle,Zwolle,Overijssel,VBO,6.123941,52.483512
Hanselaarmate,38,,,8014HC,Zwolle,Zwolle,Overijssel,VBO,6.123894,52.483554
Hanselaarmate,40,,,8014HC,Zwolle,Zwolle,Overijssel,VBO,6.123853,52.483592
Hanselaarmate,42,,,8014HC,Zwolle,Zwolle,Overijssel,VBO,6.123786,52.483623
Hanselaarmate,44,,,8014HC,Zwolle,Zwolle,Overijssel,VBO,6.123735,52.483694
Hanselaarmate,46,,,8014HC,Zwolle,Zwolle,Overijssel,VBO,6.123712,52.483735
Hanselaarmate,48,,,8014HC,Zwolle,Zwolle,Overijssel,VBO,6.123644,52.483783
Hanselaarmate,50,,,8014HC,Zwolle,Zwolle,Overijssel,VBO,6.123584,52.483811
Hanselaarmate,52,,,8014HC,Zwolle,Zwolle,Overijssel,VBO,6.123440,52.483833
Hanselaarmate,54,,,8014HC,Zwolle,Zwolle,Overijssel,VBO,6.123402,52.483881
Hanselaarmate,56,,,8014HC,Zwolle,Zwolle,Overijssel,VBO,6.123349,52.483921
Hanselaarmate,58,,,8014HC,Zwolle,Zwolle,Overijssel,VBO,6.123286,52.483948
Hanselaarmate,60,,,8014HC,Zwolle,Zwolle,Overijssel,VBO,6.123098,52.484057
Hanselaarmate,62,,,8014HC,Zwolle,Zwolle,Overijssel,VBO,6.123170,52.484093
Hanselaarmate,64,,,8014HC,Zwolle,Zwolle,Overijssel,VBO,6.123342,52.484163
Hanselaarmate,66,,,8014HC,Zwolle,Zwolle,Overijssel,VBO,6.123427,52.484191
Hanselaarmate,68,,,8014HC,Zwolle,Zwolle,Overijssel,VBO,6.123658,52.484238
Hanselaarmate,70,,,8014HC,Zwolle,Zwolle,Overijssel,VBO,6.123750,52.484235
Hanselaarmate,72,,,8014HD,Zwolle,Zwolle,Overijssel,VBO,6.123983,52.484146
Hanselaarmate,74,,,8014HD,Zwolle,Zwolle,Overijssel,VBO,6.124039,52.484102
Hanselaarmate,76,,,8014HD,Zwolle,Zwolle,Overijssel,VBO,6.124090,52.483979
Hanselaarmate,78,,,8014HD,Zwolle,Zwolle,Overijssel,VBO,6.124122,52.483925
Hanselaarmate,80,,,8014HD,Zwolle,Zwolle,Overijssel,VBO,6.124180,52.483831
Hanselaarmate,82,,,8014HD,Zwolle,Zwolle,Overijssel,VBO,6.124220,52.483778
Hanselaarmate,84,,,8014HD,Zwolle,Zwolle,Overijssel,VBO,6.124312,52.483690
Hanselaarmate,86,,,8014HD,Zwolle,Zwolle,Overijssel,VBO,6.124357,52.483641
Hanselaarmate,88,,,8014HD,Zwolle,Zwolle,Overijssel,VBO,6.124468,52.483562
Hanselaarmate,90,,,8014HD,Zwolle,Zwolle,Overijssel,VBO,6.124769,52.483632
Hanselaarmate,92,,,8014HD,Zwolle,Zwolle,Overijssel,VBO,6.124712,52.483681
Hanselaarmate,94,,,8014HD,Zwolle,Zwolle,Overijssel,VBO,6.124595,52.483771
Hanselaarmate,96,,,8014HD,Zwolle,Zwolle,Overijssel,VBO,6.124538,52.483823
Hanselaarmate,98,,,8014HD,Zwolle,Zwolle,Overijssel,VBO,6.124450,52.483927
Hanselaarmate,100,,,8014HD,Zwolle,Zwolle,Overijssel,VBO,6.124390,52.483972
Hoefslagmate,2,,,8014HG,Zwolle,Zwolle,Overijssel,VBO,6.121328,52.482831
Hoefslagmate,4,,,8014HG,Zwolle,Zwolle,Overijssel,VBO,6.121340,52.482780
Hoefslagmate,6,,,8014HG,Zwolle,Zwolle,Overijssel,VBO,6.121373,52.482678
Hoefslagmate,8,,,8014HG,Zwolle,Zwolle,Overijssel,VBO,6.121402,52.482622
Hoefslagmate,10,,,8014HG,Zwolle,Zwolle,Overijssel,VBO,6.121432,52.482515
Hoefslagmate,12,,,8014HG,Zwolle,Zwolle,Overijssel,VBO,6.121457,52.482461
Hoefslagmate,14,,,8014HG,Zwolle,Zwolle,Overijssel,VBO,6.121463,52.482357
Hoefslagmate,16,,,8014HG,Zwolle,Zwolle,Overijssel,VBO,6.121483,52.482295
Hoefslagmate,18,,,8014HG,Zwolle,Zwolle,Overijssel,VBO,6.121469,52.482093
Hoefslagmate,20,,,8014HG,Zwolle,Zwolle,Overijssel,VBO,6.121578,52.482112
Hoefslagmate,22,,,8014HG,Zwolle,Zwolle,Overijssel,VBO,6.121707,52.482130
Hoefslagmate,24,,,8014HG,Zwolle,Zwolle,Overijssel,VBO,6.121841,52.482249
Hoefslagmate,26,,,8014HG,Zwolle,Zwolle,Overijssel,VBO,6.121954,52.482293
Hoefslagmate,28,,,8014HG,Zwolle,Zwolle,Overijssel,VBO,6.122066,52.482309
Hoefslagmate,30,,,8014HG,Zwolle,Zwolle,Overijssel,VBO,6.122160,52.482371
Hoefslagmate,32,,,8014HG,Zwolle,Zwolle,Overijssel,VBO,6.122256,52.482433
Hoefslagmate,34,,,8014HG,Zwolle,Zwolle,Overijssel,VBO,6.122374,52.482448
Hoefslagmate,36,,,8014HG,Zwolle,Zwolle,Overijssel,VBO,6.122492,52.482484
Hoefslagmate,38,,,8014HG,Zwolle,Zwolle,Overijssel,VBO,6.122753,52.482489
Hoefslagmate,40,,,8014HG,Zwolle,Zwolle,Overijssel,VBO,6.122859,52.482510
Hoefslagmate,42,,,8014HG,Zwolle,Zwolle,Overijssel,VBO,6.123121,52.482525
Hoefslagmate,44,,,8014HG,Zwolle,Zwolle,Overijssel,VBO,6.123203,52.482535
Hoefslagmate,46,,,8014HG,Zwolle,Zwolle,Overijssel,VBO,6.123488,52.482577
Hoefslagmate,48,,,8014HG,Zwolle,Zwolle,Overijssel,VBO,6.123599,52.482595
Hoefslagmate,50,,,8014HH,Zwolle,Zwolle,Overijssel,VBO,6.123837,52.482676
Hoefslagmate,52,,,8014HH,Zwolle,Zwolle,Overijssel,VBO,6.123951,52.482696
Hoefslagmate,54,,,8014HH,Zwolle,Zwolle,Overijssel,VBO,6.124061,52.482735
Hoefslagmate,56,,,8014HH,Zwolle,Zwolle,Overijssel,VBO,6.124174,52.482758
Hoefslagmate,58,,,8014HH,Zwolle,Zwolle,Overijssel,VBO,6.124291,52.482772
Hoefslagmate,60,,,8014HH,Zwolle,Zwolle,Overijssel,VBO,6.124423,52.482742
Hoefslagmate,62,,,8014HH,Zwolle,Zwolle,Overijssel,VBO,6.124535,52.482774
Hoefslagmate,64,,,8014HH,Zwolle,Zwolle,Overijssel,VBO,6.124736,52.482781
Hoefslagmate,66,,,8014HH,Zwolle,Zwolle,Overijssel,VBO,6.124825,52.482819
Hoefslagmate,68,,,8014HH,Zwolle,Zwolle,Overijssel,VBO,6.124944,52.482842
Hoefslagmate,70,,,8014HH,Zwolle,Zwolle,Overijssel,VBO,6.125070,52.482826
Hoefslagmate,72,,,8014HH,Zwolle,Zwolle,Overijssel,VBO,6.125191,52.482844
Hoefslagmate,74,,,8014HH,Zwolle,Zwolle,Overijssel,VBO,6.125336,52.482804
Hoefslagmate,76,,,8014HH,Zwolle,Zwolle,Overijssel,VBO,6.125406,52.482980
Hoefslagmate,78,,,8014HH,Zwolle,Zwolle,Overijssel,VBO,6.125398,52.483035
Hoefslagmate,80,,,8014HH,Zwolle,Zwolle,Overijssel,VBO,6.125332,52.483132
Hoefslagmate,82,,,8014HH,Zwolle,Zwolle,Overijssel,VBO,6.125308,52.483183
Hoefslagmate,84,,,8014HH,Zwolle,Zwolle,Overijssel,VBO,6.125243,52.483283
Hoefslagmate,86,,,8014HH,Zwolle,Zwolle,Overijssel,VBO,6.125204,52.483333
Hoefslagmate,88,,,8014HH,Zwolle,Zwolle,Overijssel,VBO,6.125128,52.483425
Hoefslagmate,90,,,8014HH,Zwolle,Zwolle,Overijssel,VBO,6.125054,52.483466
Hoefslagmate,1,,,8014HJ,Zwolle,Zwolle,Overijssel,VBO,6.121751,52.482519
Hoefslagmate,3,,,8014HJ,Zwolle,Zwolle,Overijssel,VBO,6.121826,52.482537
Hoefslagmate,5,,,8014HJ,Zwolle,Zwolle,Overijssel,VBO,6.121916,52.482552
Hoefslagmate,7,,,8014HJ,Zwolle,Zwolle,Overijssel,VBO,6.121985,52.482556
Hoefslagmate,9,,,8014HJ,Zwolle,Zwolle,Overijssel,VBO,6.122088,52.482617
Hoefslagmate,11,,,8014HJ,Zwolle,Zwolle,Overijssel,VBO,6.122166,52.482635
Hoefslagmate,13,,,8014HJ,Zwolle,Zwolle,Overijssel,VBO,6.122233,52.482673
Hoefslagmate,15,,,8014HJ,Zwolle,Zwolle,Overijssel,VBO,6.122317,52.482686
Hoefslagmate,17,,,8014HJ,Zwolle,Zwolle,Overijssel,VBO,6.122401,52.482697
Hoefslagmate,19,,,8014HJ,Zwolle,Zwolle,Overijssel,VBO,6.122456,52.482697
Hoefslagmate,21,,,8014HJ,Zwolle,Zwolle,Overijssel,VBO,6.122722,52.482705
Hoefslagmate,23,,,8014HJ,Zwolle,Zwolle,Overijssel,VBO,6.122794,52.482714
Hoefslagmate,25,,,8014HJ,Zwolle,Zwolle,Overijssel,VBO,6.122894,52.482714
Hoefslagmate,27,,,8014HJ,Zwolle,Zwolle,Overijssel,VBO,6.122960,52.482706
Hoefslagmate,29,,,8014HJ,Zwolle,Zwolle,Overijssel,VBO,6.123105,52.482725
Hoefslagmate,31,,,8014HJ,Zwolle,Zwolle,Overijssel,VBO,6.123183,52.482737
Hoefslagmate,33,,,8014HJ,Zwolle,Zwolle,Overijssel,VBO,6.123266,52.482762
Hoefslagmate,35,,,8014HJ,Zwolle,Zwolle,Overijssel,VBO,6.123319,52.482802
Hoefslagmate,37,,,8014HJ,Zwolle,Zwolle,Overijssel,VBO,6.123404,52.482822
Hoefslagmate,39,,,8014HJ,Zwolle,Zwolle,Overijssel,VBO,6.123481,52.482835
Hoefslagmate,41,,,8014HJ,Zwolle,Zwolle,Overijssel,VBO,6.123542,52.482847
Hoefslagmate,43,,,8014HK,Zwolle,Zwolle,Overijssel,VBO,6.123799,52.482892
Hoefslagmate,45,,,8014HK,Zwolle,Zwolle,Overijssel,VBO,6.123784,52.482939
Hoefslagmate,47,,,8014HK,Zwolle,Zwolle,Overijssel,VBO,6.123773,52.482987
Hoefslagmate,49,,,8014HK,Zwolle,Zwolle,Overijssel,VBO,6.123819,52.483068
Hoefslagmate,51,,,8014HK,Zwolle,Zwolle,Overijssel,VBO,6.123786,52.483112
Hoefslagmate,53,,,8014HK,Zwolle,Zwolle,Overijssel,VBO,6.123778,52.483158
Hoefslagmate,55,,,8014HK,Zwolle,Zwolle,Overijssel,VBO,6.123745,52.483210
Hoefslagmate,57,,,8014HK,Zwolle,Zwolle,Overijssel,VBO,6.123712,52.483255
Hoefslagmate,59,,,8014HK,Zwolle,Zwolle,Overijssel,VBO,6.124024,52.483360
Hoefslagmate,61,,,8014HK,Zwolle,Zwolle,Overijssel,VBO,6.124066,52.483320
Hoefslagmate,63,,,8014HK,Zwolle,Zwolle,Overijssel,VBO,6.124090,52.483268
Hoefslagmate,65,,,8014HK,Zwolle,Zwolle,Overijssel,VBO,6.124097,52.483222
Hoefslagmate,67,,,8014HK,Zwolle,Zwolle,Overijssel,VBO,6.124180,52.483149
Hoefslagmate,69,,,8014HK,Zwolle,Zwolle,Overijssel,VBO,6.124237,52.483112
Hoefslagmate,71,,,8014HK,Zwolle,Zwolle,Overijssel,VBO,6.124276,52.483070
Hoefslagmate,73,,,8014HK,Zwolle,Zwolle,Overijssel,VBO,6.124303,52.483021
Hoefslagmate,75,,,8014HK,Zwolle,Zwolle,Overijssel,VBO,6.124458,52.483020
Hoefslagmate,77,,,8014HK,Zwolle,Zwolle,Overijssel,VBO,6.124483,52.482973
Hoefslagmate,79,,,8014HK,Zwolle,Zwolle,Overijssel,VBO,6.125001,52.483081
Hoefslagmate,81,,,8014HK,Zwolle,Zwolle,Overijssel,VBO,6.124979,52.483129
Hoefslagmate,83,,,8014HK,Zwolle,Zwolle,Overijssel,VBO,6.124907,52.483247
Hoefslagmate,85,,,8014HK,Zwolle,Zwolle,Overijssel,VBO,6.124868,52.483299
Hoefslagmate,87,,,8014HK,Zwolle,Zwolle,Overijssel,VBO,6.124720,52.483382
Hoefslagmate,89,,,8014HK,Zwolle,Zwolle,Overijssel,VBO,6.124665,52.483424
Schepenenlaan,1,,,8014JA,Zwolle,Zwolle,Overijssel,VBO,6.118797,52.486372
Schepenenlaan,3,,,8014JA,Zwolle,Zwolle,Overijssel,VBO,6.118852,52.486342
Schepenenlaan,5,,,8014JA,Zwolle,Zwolle,Overijssel,VBO,6.118905,52.486301
Schepenenlaan,7,,,8014JA,Zwolle,Zwolle,Overijssel,VBO,6.118958,52.486256
Schepenenlaan,9,,,8014JA,Zwolle,Zwolle,Overijssel,VBO,6.119011,52.486216
Schepenenlaan,11,,,8014JA,Zwolle,Zwolle,Overijssel,VBO,6.119056,52.486174
Schepenenlaan,13,,,8014JA,Zwolle,Zwolle,Overijssel,VBO,6.119150,52.486156
Schepenenlaan,15,,,8014JA,Zwolle,Zwolle,Overijssel,VBO,6.119205,52.486116
Schepenenlaan,17,,,8014JA,Zwolle,Zwolle,Overijssel,VBO,6.119249,52.486078
Schepenenlaan,19,,,8014JA,Zwolle,Zwolle,Overijssel,VBO,6.119306,52.486035
Schepenenlaan,21,,,8014JA,Zwolle,Zwolle,Overijssel,VBO,6.119318,52.485970
Schepenenlaan,23,,,8014JA,Zwolle,Zwolle,Overijssel,VBO,6.119380,52.485944
Schepenenlaan,25,,,8014JA,Zwolle,Zwolle,Overijssel,VBO,6.119443,52.485896
Schepenenlaan,27,,,8014JA,Zwolle,Zwolle,Overijssel,VBO,6.119476,52.485851
Schepenenlaan,29,,,8014JA,Zwolle,Zwolle,Overijssel,VBO,6.119665,52.485763
Schepenenlaan,31,,,8014JA,Zwolle,Zwolle,Overijssel,VBO,6.119754,52.485783
Schepenenlaan,33,,,8014JA,Zwolle,Zwolle,Overijssel,VBO,6.119840,52.485791
Schepenenlaan,35,,,8014JA,Zwolle,Zwolle,Overijssel,VBO,6.119926,52.485799
Schepenenlaan,37,,,8014JA,Zwolle,Zwolle,Overijssel,VBO,6.120004,52.485807
Schepenenlaan,39,,,8014JB,Zwolle,Zwolle,Overijssel,VBO,6.120336,52.485876
Schepenenlaan,41,,,8014JB,Zwolle,Zwolle,Overijssel,VBO,6.120418,52.485897
Schepenenlaan,43,,,8014JB,Zwolle,Zwolle,Overijssel,VBO,6.120507,52.485911
Schepenenlaan,45,,,8014JB,Zwolle,Zwolle,Overijssel,VBO,6.120596,52.485925
Schepenenlaan,47,,,8014JB,Zwolle,Zwolle,Overijssel,VBO,6.120676,52.485935
Schepenenlaan,49,,,8014JB,Zwolle,Zwolle,Overijssel,VBO,6.120753,52.485939
Schepenenlaan,51,,,8014JB,Zwolle,Zwolle,Overijssel,VBO,6.121005,52.485971
Schepenenlaan,53,,,8014JB,Zwolle,Zwolle,Overijssel,VBO,6.121100,52.485992
Schepenenlaan,55,,,8014JB,Zwolle,Zwolle,Overijssel,VBO,6.121183,52.486012
Schepenenlaan,57,,,8014JB,Zwolle,Zwolle,Overijssel,VBO,6.121259,52.486031
Schepenenlaan,59,,,8014JB,Zwolle,Zwolle,Overijssel,VBO,6.121340,52.486051
Schepenenlaan,61,,,8014JB,Zwolle,Zwolle,Overijssel,VBO,6.121410,52.486067
Schepenenlaan,63,,,8014JB,Zwolle,Zwolle,Overijssel,VBO,6.121802,52.486133
Schepenenlaan,65,,,8014JB,Zwolle,Zwolle,Overijssel,VBO,6.121876,52.486158
Schepenenlaan,67,,,8014JB,Zwolle,Zwolle,Overijssel,VBO,6.121962,52.486180
Schepenenlaan,69,,,8014JB,Zwolle,Zwolle,Overijssel,VBO,6.122043,52.486198
Schepenenlaan,71,,,8014JB,Zwolle,Zwolle,Overijssel,VBO,6.122123,52.486209
Schepenenlaan,73,,,8014JC,Zwolle,Zwolle,Overijssel,VBO,6.123494,52.486727
Schepenenlaan,75,,,8014JC,Zwolle,Zwolle,Overijssel,VBO,6.123568,52.486744
Schepenenlaan,77,,,8014JC,Zwolle,Zwolle,Overijssel,VBO,6.123648,52.486760
Schepenenlaan,79,,,8014JC,Zwolle,Zwolle,Overijssel,VBO,6.123720,52.486777
Schepenenlaan,81,,,8014JC,Zwolle,Zwolle,Overijssel,VBO,6.123802,52.486790
Schepenenlaan,83,,,8014JC,Zwolle,Zwolle,Overijssel,VBO,6.123922,52.486826
Schepenenlaan,85,,,8014JC,Zwolle,Zwolle,Overijssel,VBO,6.124004,52.486852
Schepenenlaan,87,,,8014JC,Zwolle,Zwolle,Overijssel,VBO,6.124072,52.486881
Schepenenlaan,89,,,8014JC,Zwolle,Zwolle,Overijssel,VBO,6.124128,52.486906
Schepenenlaan,91,,,8014JC,Zwolle,Zwolle,Overijssel,VBO,6.124228,52.487084
Schepenenlaan,93,,,8014JC,Zwolle,Zwolle,Overijssel,VBO,6.124295,52.487107
Schepenenlaan,95,,,8014JC,Zwolle,Zwolle,Overijssel,VBO,6.124379,52.487128
Schepenenlaan,97,,,8014JC,Zwolle,Zwolle,Overijssel,VBO,6.124455,52.487132
Schepenenlaan,99,,,8014JC,Zwolle,Zwolle,Overijssel,VBO,6.124585,52.487070
Schepenenlaan,101,,,8014JC,Zwolle,Zwolle,Overijssel,VBO,6.124652,52.487037
Schepenenlaan,103,,,8014JC,Zwolle,Zwolle,Overijssel,VBO,6.124701,52.486990
Schepenenlaan,105,,,8014JC,Zwolle,Zwolle,Overijssel,VBO,6.124727,52.486944
Schepenenlaan,107,,,8014JC,Zwolle,Zwolle,Overijssel,VBO,6.124825,52.486923
Schepenenlaan,109,,,8014JC,Zwolle,Zwolle,Overijssel,VBO,6.124866,52.486882
Schepenenlaan,111,,,8014JC,Zwolle,Zwolle,Overijssel,VBO,6.124896,52.486842
Schepenenlaan,2,,,8014JD,Zwolle,Zwolle,Overijssel,VBO,6.119991,52.485495
Schepenenlaan,4,,,8014JD,Zwolle,Zwolle,Overijssel,VBO,6.120059,52.485505
Schepenenlaan,6,,,8014JD,Zwolle,Zwolle,Overijssel,VBO,6.120152,52.485517
Schepenenlaan,8,,,8014JD,Zwolle,Zwolle,Overijssel,VBO,6.120235,52.485531
Schepenenlaan,10,,,8014JD,Zwolle,Zwolle,Overijssel,VBO,6.120311,52.485542
Schepenenlaan,12,,,8014JD,Zwolle,Zwolle,Overijssel,VBO,6.120432,52.485560
Schepenenlaan,14,,,8014JD,Zwolle,Zwolle,Overijssel,VBO,6.120509,52.485568
Schepenenlaan,16,,,8014JD,Zwolle,Zwolle,Overijssel,VBO,6.120592,52.485579
Schepenenlaan,18,,,8014JD,Zwolle,Zwolle,Overijssel,VBO,6.120681,52.485591
Schepenenlaan,20,,,8014JD,Zwolle,Zwolle,Overijssel,VBO,6.120767,52.485603
Schepenenlaan,22,,,8014JD,Zwolle,Zwolle,Overijssel,VBO,6.120847,52.485613
Schepenenlaan,24,,,8014JE,Zwolle,Zwolle,Overijssel,VBO,6.121010,52.485638
Schepenenlaan,26,,,8014JE,Zwolle,Zwolle,Overijssel,VBO,6.121091,52.485651
Schepenenlaan,28,,,8014JE,Zwolle,Zwolle,Overijssel,VBO,6.121180,52.485671
Schepenenlaan,30,,,8014JE,Zwolle,Zwolle,Overijssel,VBO,6.121262,52.485690
Schepenenlaan,32,,,8014JE,Zwolle,Zwolle,Overijssel,VBO,6.121345,52.485710
Schepenenlaan,34,,,8014JE,Zwolle,Zwolle,Overijssel,VBO,6.121410,52.485724
Schepenenlaan,36,,,8014JE,Zwolle,Zwolle,Overijssel,VBO,6.121673,52.485777
Schepenenlaan,38,,,8014JE,Zwolle,Zwolle,Overijssel,VBO,6.121766,52.485794
Schepenenlaan,40,,,8014JE,Zwolle,Zwolle,Overijssel,VBO,6.121849,52.485813
Schepenenlaan,42,,,8014JE,Zwolle,Zwolle,Overijssel,VBO,6.121923,52.485834
Schepenenlaan,44,,,8014JE,Zwolle,Zwolle,Overijssel,VBO,6.122001,52.485851
Schepenenlaan,46,,,8014JE,Zwolle,Zwolle,Overijssel,VBO,6.122082,52.485869
Schepenenlaan,48,,,8014JE,Zwolle,Zwolle,Overijssel,VBO,6.122158,52.485889
Schepenenlaan,50,,,8014JE,Zwolle,Zwolle,Overijssel,VBO,6.122239,52.485907
Schepenenlaan,52,,,8014JE,Zwolle,Zwolle,Overijssel,VBO,6.122309,52.485918
Schepenenlaan,54,T,1,8014JG,Zwolle,Zwolle,Overijssel,VBO,6.123211,52.486048
Schepenenlaan,54,,,8014JG,Zwolle,Zwolle,Overijssel,VBO,6.123252,52.486149
Schepenenlaan,56,,,8014JG,Zwolle,Zwolle,Overijssel,VBO,6.123310,52.486186
Schepenenlaan,58,,,8014JG,Zwolle,Zwolle,Overijssel,VBO,6.123354,52.486222
Schepenenlaan,60,,,8014JG,Zwolle,Zwolle,Overijssel,VBO,6.123401,52.486263
Schepenenlaan,62,,,8014JG,Zwolle,Zwolle,Overijssel,VBO,6.123524,52.486322
Schepenenlaan,64,,,8014JG,Zwolle,Zwolle,Overijssel,VBO,6.123600,52.486356
Schepenenlaan,66,,,8014JG,Zwolle,Zwolle,Overijssel,VBO,6.123676,52.486390
Schepenenlaan,68,,,8014JG,Zwolle,Zwolle,Overijssel,VBO,6.123739,52.486413
Schepenenlaan,70,,,8014JG,Zwolle,Zwolle,Overijssel,VBO,6.123857,52.486453
Schepenenlaan,72,,,8014JG,Zwolle,Zwolle,Overijssel,VBO,6.123943,52.486477
Schepenenlaan,74,,,8014JG,Zwolle,Zwolle,Overijssel,VBO,6.124019,52.486492
Schepenenlaan,76,,,8014JG,Zwolle,Zwolle,Overijssel,VBO,6.124096,52.486511
Schepenenlaan,78,,,8014JG,Zwolle,Zwolle,Overijssel,VBO,6.124154,52.486514
Schepenenlaan,80,,,8014JG,Zwolle,Zwolle,Overijssel,VBO,6.124430,52.486593
Schepenenlaan,82,,,8014JG,Zwolle,Zwolle,Overijssel,VBO,6.124506,52.486622
Schepenenlaan,84,,,8014JG,Zwolle,Zwolle,Overijssel,VBO,6.124614,52.486637
Schepenenlaan,86,,,8014JG,Zwolle,Zwolle,Overijssel,VBO,6.124684,52.486668
Schepenenlaan,88,,,8014JG,Zwolle,Zwolle,Overijssel,VBO,6.124748,52.486695
Schepenenlaan,90,,,8014JG,Zwolle,Zwolle,Overijssel,VBO,6.124812,52.486719
Schepenenlaan,92,,,8014JG,Zwolle,Zwolle,Overijssel,VBO,6.124861,52.486738
Boddemate,2,,,8014JH,Zwolle,Zwolle,Overijssel,VBO,6.123379,52.486899
Boddemate,4,,,8014JH,Zwolle,Zwolle,Overijssel,VBO,6.123362,52.486944
Boddemate,6,,,8014JH,Zwolle,Zwolle,Overijssel,VBO,6.123335,52.486995
Boddemate,8,,,8014JH,Zwolle,Zwolle,Overijssel,VBO,6.123299,52.487039
Boddemate,10,,,8014JH,Zwolle,Zwolle,Overijssel,VBO,6.122812,52.487278
Boddemate,12,,,8014JH,Zwolle,Zwolle,Overijssel,VBO,6.122780,52.487315
Boddemate,14,,,8014JH,Zwolle,Zwolle,Overijssel,VBO,6.122727,52.487354
Boddemate,16,,,8014JH,Zwolle,Zwolle,Overijssel,VBO,6.122671,52.487390
Boddemate,18,,,8014JH,Zwolle,Zwolle,Overijssel,VBO,6.122595,52.487420
Boddemate,20,,,8014JH,Zwolle,Zwolle,Overijssel,VBO,6.122959,52.487629
Boddemate,22,,,8014JH,Zwolle,Zwolle,Overijssel,VBO,6.123001,52.487588
Boddemate,24,,,8014JH,Zwolle,Zwolle,Overijssel,VBO,6.123048,52.487542
Boddemate,26,,,8014JH,Zwolle,Zwolle,Overijssel,VBO,6.123093,52.487501
Boddemate,28,,,8014JH,Zwolle,Zwolle,Overijssel,VBO,6.123144,52.487463
Boddemate,30,,,8014JH,Zwolle,Zwolle,Overijssel,VBO,6.123345,52.487310
Boddemate,32,,,8014JH,Zwolle,Zwolle,Overijssel,VBO,6.123273,52.487276
Boddemate,34,,,8014JH,Zwolle,Zwolle,Overijssel,VBO,6.123211,52.487241
Boddemate,36,,,8014JH,Zwolle,Zwolle,Overijssel,VBO,6.123155,52.487207
Boddemate,38,,,8014JH,Zwolle,Zwolle,Overijssel,VBO,6.123095,52.487176
Boddemate,40,,,8014JH,Zwolle,Zwolle,Overijssel,VBO,6.123036,52.487149
Boddemate,1,,,8014JJ,Zwolle,Zwolle,Overijssel,VBO,6.123247,52.486675
Boddemate,3,,,8014JJ,Zwolle,Zwolle,Overijssel,VBO,6.123164,52.486659
Boddemate,5,,,8014JJ,Zwolle,Zwolle,Overijssel,VBO,6.123117,52.486620
Boddemate,7,,,8014JJ,Zwolle,Zwolle,Overijssel,VBO,6.123030,52.486602
Boddemate,9,,,8014JJ,Zwolle,Zwolle,Overijssel,VBO,6.122948,52.486546
Boddemate,11,,,8014JJ,Zwolle,Zwolle,Overijssel,VBO,6.122853,52.486571
Boddemate,13,,,8014JJ,Zwolle,Zwolle,Overijssel,VBO,6.122865,52.486640
Boddemate,15,,,8014JJ,Zwolle,Zwolle,Overijssel,VBO,6.122844,52.486684
Boddemate,17,,,8014JJ,Zwolle,Zwolle,Overijssel,VBO,6.122873,52.486746
Boddemate,19,,,8014JJ,Zwolle,Zwolle,Overijssel,VBO,6.122848,52.486791
Boddemate,21,,,8014JJ,Zwolle,Zwolle,Overijssel,VBO,6.122881,52.486853
Boddemate,23,,,8014JJ,Zwolle,Zwolle,Overijssel,VBO,6.122853,52.486900
Boddemate,25,,,8014JJ,Zwolle,Zwolle,Overijssel,VBO,6.122822,52.486948
Boddemate,27,,,8014JJ,Zwolle,Zwolle,Overijssel,VBO,6.122801,52.486993
Boddemate,29,,,8014JJ,Zwolle,Zwolle,Overijssel,VBO,6.122680,52.487048
Boddemate,31,,,8014JJ,Zwolle,Zwolle,Overijssel,VBO,6.122614,52.487068
Boddemate,33,,,8014JJ,Zwolle,Zwolle,Overijssel,VBO,6.122549,52.487102
Boddemate,35,,,8014JJ,Zwolle,Zwolle,Overijssel,VBO,6.122486,52.487136
Boddemate,37,,,8014JJ,Zwolle,Zwolle,Overijssel,VBO,6.122433,52.487168
Boddemate,39,,,8014JJ,Zwolle,Zwolle,Overijssel,VBO,6.122385,52.487208
Boddemate,41,,,8014JK,Zwolle,Zwolle,Overijssel,VBO,6.122310,52.487307
Boddemate,43,,,8014JK,Zwolle,Zwolle,Overijssel,VBO,6.122267,52.487348
Boddemate,45,,,8014JK,Zwolle,Zwolle,Overijssel,VBO,6.122226,52.487394
Boddemate,47,,,8014JK,Zwolle,Zwolle,Overijssel,VBO,6.122190,52.487437
Boddemate,49,,,8014JK,Zwolle,Zwolle,Overijssel,VBO,6.122161,52.487480
Boddemate,51,,,8014JK,Zwolle,Zwolle,Overijssel,VBO,6.122088,52.487533
Boddemate,53,,,8014JK,Zwolle,Zwolle,Overijssel,VBO,6.122108,52.487582
Boddemate,55,,,8014JK,Zwolle,Zwolle,Overijssel,VBO,6.122223,52.487581
Boddemate,57,,,8014JK,Zwolle,Zwolle,Overijssel,VBO,6.122282,52.487614
Boddemate,59,,,8014JK,Zwolle,Zwolle,Overijssel,VBO,6.122365,52.487642
Boddemate,61,,,8014JK,Zwolle,Zwolle,Overijssel,VBO,6.122446,52.487650
Boddemate,63,,,8014JK,Zwolle,Zwolle,Overijssel,VBO,6.122592,52.487740
Boddemate,65,,,8014JK,Zwolle,Zwolle,Overijssel,VBO,6.122617,52.487784
Boddemate,67,,,8014JK,Zwolle,Zwolle,Overijssel,VBO,6.122666,52.487837
Boddemate,69,,,8014JK,Zwolle,Zwolle,Overijssel,VBO,6.122702,52.487875
Boddemate,71,,,8014JK,Zwolle,Zwolle,Overijssel,VBO,6.122697,52.487945
Boddemate,73,,,8014JK,Zwolle,Zwolle,Overijssel,VBO,6.122796,52.487967
Boddemate,75,,,8014JK,Zwolle,Zwolle,Overijssel,VBO,6.122861,52.487906
Boddemate,77,,,8014JK,Zwolle,Zwolle,Overijssel,VBO,6.122940,52.487891
Boddemate,79,,,8014JK,Zwolle,Zwolle,Overijssel,VBO,6.123018,52.487868
Boddemate,81,,,8014JK,Zwolle,Zwolle,Overijssel,VBO,6.123077,52.487844
Boddemate,83,,,8014JL,Zwolle,Zwolle,Overijssel,VBO,6.123197,52.487801
Boddemate,85,,,8014JL,Zwolle,Zwolle,Overijssel,VBO,6.123248,52.487772
Boddemate,87,,,8014JL,Zwolle,Zwolle,Overijssel,VBO,6.123292,52.487718
Boddemate,89,,,8014JL,Zwolle,Zwolle,Overijssel,VBO,6.123366,52.487691
Boddemate,91,,,8014JL,Zwolle,Zwolle,Overijssel,VBO,6.123402,52.487644
Boddemate,93,,,8014JL,Zwolle,Zwolle,Overijssel,VBO,6.123457,52.487609
Boddemate,95,,,8014JL,Zwolle,Zwolle,Overijssel,VBO,6.123492,52.487493
Boddemate,97,,,8014JL,Zwolle,Zwolle,Overijssel,VBO,6.123574,52.487485
Boddemate,99,,,8014JL,Zwolle,Zwolle,Overijssel,VBO,6.123640,52.487465
Boddemate,101,,,8014JL,Zwolle,Zwolle,Overijssel,VBO,6.123709,52.487441
Boddemate,103,,,8014JL,Zwolle,Zwolle,Overijssel,VBO,6.123781,52.487410
Boddemate,105,,,8014JL,Zwolle,Zwolle,Overijssel,VBO,6.123912,52.487408
Boddemate,107,,,8014JL,Zwolle,Zwolle,Overijssel,VBO,6.123934,52.487362
Boddemate,109,,,8014JL,Zwolle,Zwolle,Overijssel,VBO,6.123843,52.487310
Boddemate,111,,,8014JL,Zwolle,Zwolle,Overijssel,VBO,6.123839,52.487266
Boddemate,113,,,8014JL,Zwolle,Zwolle,Overijssel,VBO,6.123799,52.487218
Boddemate,115,,,8014JL,Zwolle,Zwolle,Overijssel,VBO,6.123760,52.487169
Boddemate,117,,,8014JL,Zwolle,Zwolle,Overijssel,VBO,6.123718,52.487125
Boddemate,119,,,8014JL,Zwolle,Zwolle,Overijssel,VBO,6.123666,52.487090
Scheppinckmate,2,,,8014JM,Zwolle,Zwolle,Overijssel,VBO,6.120121,52.486087
Scheppinckmate,4,,,8014JM,Zwolle,Zwolle,Overijssel,VBO,6.120117,52.486137
Scheppinckmate,6,,,8014JM,Zwolle,Zwolle,Overijssel,VBO,6.120094,52.486187
Scheppinckmate,8,,,8014JM,Zwolle,Zwolle,Overijssel,VBO,6.120078,52.486239
Scheppinckmate,10,,,8014JM,Zwolle,Zwolle,Overijssel,VBO,6.120058,52.486296
Scheppinckmate,12,,,8014JM,Zwolle,Zwolle,Overijssel,VBO,6.120038,52.486351
Scheppinckmate,14,,,8014JM,Zwolle,Zwolle,Overijssel,VBO,6.120009,52.486398
Scheppinckmate,16,,,8014JM,Zwolle,Zwolle,Overijssel,VBO,6.120123,52.486540
Scheppinckmate,18,,,8014JM,Zwolle,Zwolle,Overijssel,VBO,6.120200,52.486560
Scheppinckmate,20,,,8014JM,Zwolle,Zwolle,Overijssel,VBO,6.120281,52.486585
Scheppinckmate,22,,,8014JM,Zwolle,Zwolle,Overijssel,VBO,6.120359,52.486612
Scheppinckmate,24,,,8014JM,Zwolle,Zwolle,Overijssel,VBO,6.120427,52.486632
Scheppinckmate,26,,,8014JM,Zwolle,Zwolle,Overijssel,VBO,6.120537,52.486458
Scheppinckmate,28,,,8014JM,Zwolle,Zwolle,Overijssel,VBO,6.120565,52.486411
Scheppinckmate,30,,,8014JM,Zwolle,Zwolle,Overijssel,VBO,6.120601,52.486365
Scheppinckmate,32,,,8014JM,Zwolle,Zwolle,Overijssel,VBO,6.120630,52.486320
Scheppinckmate,34,,,8014JM,Zwolle,Zwolle,Overijssel,VBO,6.120667,52.486274
Scheppinckmate,36,,,8014JM,Zwolle,Zwolle,Overijssel,VBO,6.120704,52.486226
Scheppinckmate,38,,,8014JN,Zwolle,Zwolle,Overijssel,VBO,6.120876,52.486416
Scheppinckmate,40,,,8014JN,Zwolle,Zwolle,Overijssel,VBO,6.120926,52.486374
Scheppinckmate,42,,,8014JN,Zwolle,Zwolle,Overijssel,VBO,6.120959,52.486325
Scheppinckmate,44,,,8014JN,Zwolle,Zwolle,Overijssel,VBO,6.120994,52.486280
Scheppinckmate,46,,,8014JN,Zwolle,Zwolle,Overijssel,VBO,6.121026,52.486231
Scheppinckmate,48,,,8014JN,Zwolle,Zwolle,Overijssel,VBO,6.121044,52.486183
Scheppinckmate,50,,,8014JN,Zwolle,Zwolle,Overijssel,VBO,6.120638,52.486694
Scheppinckmate,52,,,8014JN,Zwolle,Zwolle,Overijssel,VBO,6.120739,52.486705
Scheppinckmate,54,,,8014JN,Zwolle,Zwolle,Overijssel,VBO,6.120815,52.486720
Scheppinckmate,56,,,8014JN,Zwolle,Zwolle,Overijssel,VBO,6.120869,52.486747
Scheppinckmate,58,,,8014JN,Zwolle,Zwolle,Overijssel,VBO,6.121176,52.486778
Scheppinckmate,60,,,8014JN,Zwolle,Zwolle,Overijssel,VBO,6.121192,52.486728
Scheppinckmate,62,,,8014JN,Zwolle,Zwolle,Overijssel,VBO,6.121226,52.486680
Scheppinckmate,64,,,8014JN,Zwolle,Zwolle,Overijssel,VBO,6.121277,52.486636
Scheppinckmate,66,,,8014JN,Zwolle,Zwolle,Overijssel,VBO,6.121306,52.486566
Scheppinckmate,68,,,8014JN,Zwolle,Zwolle,Overijssel,VBO,6.121328,52.486521
Scheppinckmate,70,,,8014JN,Zwolle,Zwolle,Overijssel,VBO,6.121363,52.486474
Scheppinckmate,72,,,8014JN,Zwolle,Zwolle,Overijssel,VBO,6.121386,52.486426
Scheppinckmate,74,,,8014JN,Zwolle,Zwolle,Overijssel,VBO,6.121415,52.486375
Scheppinckmate,76,,,8014JN,Zwolle,Zwolle,Overijssel,VBO,6.121457,52.486326
Scheppinckmate,1,,,8014JP,Zwolle,Zwolle,Overijssel,VBO,6.119907,52.485984
Scheppinckmate,3,,,8014JP,Zwolle,Zwolle,Overijssel,VBO,6.119866,52.486029
Scheppinckmate,5,,,8014JP,Zwolle,Zwolle,Overijssel,VBO,6.119850,52.486083
Scheppinckmate,7,,,8014JP,Zwolle,Zwolle,Overijssel,VBO,6.119827,52.486142
Scheppinckmate,9,,,8014JP,Zwolle,Zwolle,Overijssel,VBO,6.119813,52.486195
Scheppinckmate,11,,,8014JP,Zwolle,Zwolle,Overijssel,VBO,6.119808,52.486238
Scheppinckmate,13,,,8014JP,Zwolle,Zwolle,Overijssel,VBO,6.119600,52.486294
Scheppinckmate,15,,,8014JP,Zwolle,Zwolle,Overijssel,VBO,6.119542,52.486326
Scheppinckmate,17,,,8014JP,Zwolle,Zwolle,Overijssel,VBO,6.119476,52.486370
Scheppinckmate,19,,,8014JP,Zwolle,Zwolle,Overijssel,VBO,6.119428,52.486407
Scheppinckmate,21,,,8014JP,Zwolle,Zwolle,Overijssel,VBO,6.119049,52.486494
Scheppinckmate,23,,,8014JP,Zwolle,Zwolle,Overijssel,VBO,6.119131,52.486514
Scheppinckmate,25,,,8014JP,Zwolle,Zwolle,Overijssel,VBO,6.119211,52.486536
Scheppinckmate,27,,,8014JP,Zwolle,Zwolle,Overijssel,VBO,6.119284,52.486557
Scheppinckmate,29,,,8014JR,Zwolle,Zwolle,Overijssel,VBO,6.119613,52.486583
Scheppinckmate,31,,,8014JR,Zwolle,Zwolle,Overijssel,VBO,6.119679,52.486610
Scheppinckmate,33,,,8014JR,Zwolle,Zwolle,Overijssel,VBO,6.119754,52.486635
Scheppinckmate,35,,,8014JR,Zwolle,Zwolle,Overijssel,VBO,6.119836,52.486661
Scheppinckmate,37,,,8014JR,Zwolle,Zwolle,Overijssel,VBO,6.119912,52.486675
Scheppinckmate,39,,,8014JR,Zwolle,Zwolle,Overijssel,VBO,6.120008,52.486700
Scheppinckmate,41,,,8014JR,Zwolle,Zwolle,Overijssel,VBO,6.120073,52.486730
Scheppinckmate,43,,,8014JR,Zwolle,Zwolle,Overijssel,VBO,6.120159,52.486755
Scheppinckmate,45,,,8014JR,Zwolle,Zwolle,Overijssel,VBO,6.120237,52.486778
Scheppinckmate,47,,,8014JR,Zwolle,Zwolle,Overijssel,VBO,6.120319,52.486793
Scheppinckmate,49,,,8014JR,Zwolle,Zwolle,Overijssel,VBO,6.120543,52.486865
Scheppinckmate,51,,,8014JR,Zwolle,Zwolle,Overijssel,VBO,6.120613,52.486887
Scheppinckmate,53,,,8014JR,Zwolle,Zwolle,Overijssel,VBO,6.120690,52.486915
Scheppinckmate,55,,,8014JR,Zwolle,Zwolle,Overijssel,VBO,6.120770,52.486942
Scheppinckmate,57,,,8014JR,Zwolle,Zwolle,Overijssel,VBO,6.120842,52.486963
Scheppinckmate,59,,,8014JR,Zwolle,Zwolle,Overijssel,VBO,6.120947,52.487003
Scheppinckmate,61,,,8014JR,Zwolle,Zwolle,Overijssel,VBO,6.121006,52.487034
Scheppinckmate,63,,,8014JR,Zwolle,Zwolle,Overijssel,VBO,6.121069,52.487066
Scheppinckmate,65,,,8014JR,Zwolle,Zwolle,Overijssel,VBO,6.121139,52.487098
Scheppinckmate,67,,,8014JR,Zwolle,Zwolle,Overijssel,VBO,6.121204,52.487131
Scheppinckmate,69,,,8014JR,Zwolle,Zwolle,Overijssel,VBO,6.121280,52.487160
Scheppinckmate,71,,,8014JS,Zwolle,Zwolle,Overijssel,VBO,6.121435,52.487022
Scheppinckmate,73,,,8014JS,Zwolle,Zwolle,Overijssel,VBO,6.121500,52.486992
Scheppinckmate,75,,,8014JS,Zwolle,Zwolle,Overijssel,VBO,6.121569,52.486962
Scheppinckmate,77,,,8014JS,Zwolle,Zwolle,Overijssel,VBO,6.121633,52.486938
Scheppinckmate,79,,,8014JS,Zwolle,Zwolle,Overijssel,VBO,6.121729,52.486884
Scheppinckmate,81,,,8014JS,Zwolle,Zwolle,Overijssel,VBO,6.121783,52.486849
Scheppinckmate,83,,,8014JS,Zwolle,Zwolle,Overijssel,VBO,6.121850,52.486812
Scheppinckmate,85,,,8014JS,Zwolle,Zwolle,Overijssel,VBO,6.121917,52.486776
Scheppinckmate,87,,,8014JS,Zwolle,Zwolle,Overijssel,VBO,6.122070,52.486670
Scheppinckmate,89,,,8014JS,Zwolle,Zwolle,Overijssel,VBO,6.122084,52.486623
Scheppinckmate,91,,,8014JS,Zwolle,Zwolle,Overijssel,VBO,6.122115,52.486574
Scheppinckmate,93,,,8014JS,Zwolle,Zwolle,Overijssel,VBO,6.122151,52.486520
Scheppinckmate,95,,,8014JS,Zwolle,Zwolle,Overijssel,VBO,6.122182,52.486469
Scheppinckmate,97,,,8014JS,Zwolle,Zwolle,Overijssel,VBO,6.122207,52.486424
Scheppinckmate,99,,,8014JS,Zwolle,Zwolle,Overijssel,VBO,6.122254,52.486379
Scheppinckmate,101,,,8014JS,Zwolle,Zwolle,Overijssel,VBO,6.121604,52.486557
Scheppinckmate,103,,,8014JS,Zwolle,Zwolle,Overijssel,VBO,6.121650,52.486519
Scheppinckmate,105,,,8014JS,Zwolle,Zwolle,Overijssel,VBO,6.121686,52.486468
Scheppinckmate,107,,,8014JS,Zwolle,Zwolle,Overijssel,VBO,6.121723,52.486414
Scheppinckmate,109,,,8014JS,Zwolle,Zwolle,Overijssel,VBO,6.121751,52.486362
Scheppinckmate,111,,,8014JS,Zwolle,Zwolle,Overijssel,VBO,6.121758,52.486316
Scriveriusmate,1,,,8014JT,Zwolle,Zwolle,Overijssel,VBO,6.118452,52.485054
Scriveriusmate,3,,,8014JT,Zwolle,Zwolle,Overijssel,VBO,6.118348,52.485128
Scriveriusmate,5,,,8014JT,Zwolle,Zwolle,Overijssel,VBO,6.118107,52.485208
Scriveriusmate,7,,,8014JT,Zwolle,Zwolle,Overijssel,VBO,6.118005,52.485254
Scriveriusmate,9,,,8014JT,Zwolle,Zwolle,Overijssel,VBO,6.117910,52.485290
Scriveriusmate,11,,,8014JT,Zwolle,Zwolle,Overijssel,VBO,6.117815,52.485328
Scriveriusmate,13,,,8014JT,Zwolle,Zwolle,Overijssel,VBO,6.117718,52.485371
Scriveriusmate,15,,,8014JT,Zwolle,Zwolle,Overijssel,VBO,6.117636,52.485427
Scriveriusmate,17,,,8014JT,Zwolle,Zwolle,Overijssel,VBO,6.117585,52.485484
Scriveriusmate,19,,,8014JT,Zwolle,Zwolle,Overijssel,VBO,6.117473,52.485530
Scriveriusmate,21,,,8014JT,Zwolle,Zwolle,Overijssel,VBO,6.117326,52.485833
Scriveriusmate,23,,,8014JT,Zwolle,Zwolle,Overijssel,VBO,6.117452,52.485853
Scriveriusmate,25,,,8014JT,Zwolle,Zwolle,Overijssel,VBO,6.117554,52.485913
Scriveriusmate,27,,,8014JT,Zwolle,Zwolle,Overijssel,VBO,6.117653,52.485925
Scriveriusmate,29,,,8014JT,Zwolle,Zwolle,Overijssel,VBO,6.117761,52.485985
Scriveriusmate,31,,,8014JT,Zwolle,Zwolle,Overijssel,VBO,6.117873,52.486025
Scriveriusmate,33,,,8014JT,Zwolle,Zwolle,Overijssel,VBO,6.117973,52.486058
Scriveriusmate,35,,,8014JT,Zwolle,Zwolle,Overijssel,VBO,6.118073,52.486088
Scriveriusmate,37,,,8014JT,Zwolle,Zwolle,Overijssel,VBO,6.118171,52.486135
Scriveriusmate,39,,,8014JT,Zwolle,Zwolle,Overijssel,VBO,6.118275,52.486184
Scriveriusmate,41,,,8014JT,Zwolle,Zwolle,Overijssel,VBO,6.118358,52.486221
Scriveriusmate,2,,,8014JV,Zwolle,Zwolle,Overijssel,VBO,6.118272,52.485418
Scriveriusmate,4,,,8014JV,Zwolle,Zwolle,Overijssel,VBO,6.118161,52.485466
Scriveriusmate,6,,,8014JV,Zwolle,Zwolle,Overijssel,VBO,6.118087,52.485494
Scriveriusmate,8,,,8014JV,Zwolle,Zwolle,Overijssel,VBO,6.117965,52.485540
Scriveriusmate,10,,,8014JV,Zwolle,Zwolle,Overijssel,VBO,6.117859,52.485586
Scriveriusmate,12,,,8014JV,Zwolle,Zwolle,Overijssel,VBO,6.117802,52.485644
Scriveriusmate,14,,,8014JV,Zwolle,Zwolle,Overijssel,VBO,6.117721,52.485709
Scriveriusmate,16,,,8014JV,Zwolle,Zwolle,Overijssel,VBO,6.117633,52.485759
Scriveriusmate,18,,,8014JV,Zwolle,Zwolle,Overijssel,VBO,6.118065,52.485736
Scriveriusmate,20,,,8014JV,Zwolle,Zwolle,Overijssel,VBO,6.118160,52.485768
Scriveriusmate,22,,,8014JV,Zwolle,Zwolle,Overijssel,VBO,6.118287,52.485837
Scriveriusmate,24,,,8014JV,Zwolle,Zwolle,Overijssel,VBO,6.118365,52.485871
Scriveriusmate,26,,,8014JW,Zwolle,Zwolle,Overijssel,VBO,6.118499,52.486073
Scriveriusmate,28,,,8014JW,Zwolle,Zwolle,Overijssel,VBO,6.118559,52.486034
Scriveriusmate,30,,,8014JW,Zwolle,Zwolle,Overijssel,VBO,6.118624,52.485980
Scriveriusmate,32,,,8014JW,Zwolle,Zwolle,Overijssel,VBO,6.118663,52.485914
Scriveriusmate,34,,,8014JW,Zwolle,Zwolle,Overijssel,VBO,6.118750,52.485851
Scriveriusmate,36,,,8014JW,Zwolle,Zwolle,Overijssel,VBO,6.118808,52.485809
Scriveriusmate,38,,,8014JW,Zwolle,Zwolle,Overijssel,VBO,6.118904,52.485762
Scriveriusmate,40,,,8014JW,Zwolle,Zwolle,Overijssel,VBO,6.118963,52.485712
Scriveriusmate,42,,,8014JW,Zwolle,Zwolle,Overijssel,VBO,6.119048,52.485651
Scriveriusmate,44,,,8014JW,Zwolle,Zwolle,Overijssel,VBO,6.118778,52.485551
Scriveriusmate,46,,,8014JW,Zwolle,Zwolle,Overijssel,VBO,6.118714,52.485520
Scriveriusmate,48,,,8014JW,Zwolle,Zwolle,Overijssel,VBO,6.118603,52.485432
Scriveriusmate,50,,,8014JW,Zwolle,Zwolle,Overijssel,VBO,6.118554,52.485384
Scriveriusmate,52,T,1,8014JW,Zwolle,Zwolle,Overijssel,VBO,6.118312,52.485341
Scriveriusmate,52,,,8014JW,Zwolle,Zwolle,Overijssel,VBO,6.118471,52.485324
Roelinckmate,1,,,8014JX,Zwolle,Zwolle,Overijssel,VBO,6.120011,52.485294
Roelinckmate,2,,,8014JX,Zwolle,Zwolle,Overijssel,VBO,6.119442,52.485421
Roelinckmate,3,,,8014JX,Zwolle,Zwolle,Overijssel,VBO,6.119962,52.485260
Roelinckmate,4,,,8014JX,Zwolle,Zwolle,Overijssel,VBO,6.119477,52.485381
Roelinckmate,5,,,8014JX,Zwolle,Zwolle,Overijssel,VBO,6.119905,52.485221
Roelinckmate,6,,,8014JX,Zwolle,Zwolle,Overijssel,VBO,6.119529,52.485340
Roelinckmate,7,,,8014JX,Zwolle,Zwolle,Overijssel,VBO,6.119849,52.485185
Roelinckmate,8,,,8014JX,Zwolle,Zwolle,Overijssel,VBO,6.119582,52.485299
Roelinckmate,9,,,8014JX,Zwolle,Zwolle,Overijssel,VBO,6.119787,52.485151
Roelinckmate,10,,,8014JX,Zwolle,Zwolle,Overijssel,VBO,6.119635,52.485262
Roelinckmate,12,,,8014JX,Zwolle,Zwolle,Overijssel,VBO,6.119536,52.484996
Roelinckmate,14,,,8014JX,Zwolle,Zwolle,Overijssel,VBO,6.119484,52.484973
Roelinckmate,16,,,8014JX,Zwolle,Zwolle,Overijssel,VBO,6.119412,52.484943
Roelinckmate,18,,,8014JX,Zwolle,Zwolle,Overijssel,VBO,6.119330,52.484913
Rousemate,1,,,8014JZ,Zwolle,Zwolle,Overijssel,VBO,6.121700,52.485408
Rousemate,2,,,8014JZ,Zwolle,Zwolle,Overijssel,VBO,6.121432,52.485525
Rousemate,3,,,8014JZ,Zwolle,Zwolle,Overijssel,VBO,6.121804,52.485460
Rousemate,4,,,8014JZ,Zwolle,Zwolle,Overijssel,VBO,6.121467,52.485470
Rousemate,5,,,8014JZ,Zwolle,Zwolle,Overijssel,VBO,6.121880,52.485484
Rousemate,7,,,8014JZ,Zwolle,Zwolle,Overijssel,VBO,6.121958,52.485502
Rousemate,9,,,8014JZ,Zwolle,Zwolle,Overijssel,VBO,6.122043,52.485519
Rousemate,11,,,8014JZ,Zwolle,Zwolle,Overijssel,VBO,6.122147,52.485541
Rousemate,13,,,8014JZ,Zwolle,Zwolle,Overijssel,VBO,6.122223,52.485559
Rousemate,15,,,8014JZ,Zwolle,Zwolle,Overijssel,VBO,6.122316,52.485578
Rousemate,17,,,8014JZ,Zwolle,Zwolle,Overijssel,VBO,6.122400,52.485586
Rousemate,19,,,8014JZ,Zwolle,Zwolle,Overijssel,VBO,6.122692,52.485666
Rousemate,21,,,8014JZ,Zwolle,Zwolle,Overijssel,VBO,6.122658,52.485711
Rousemate,23,,,8014JZ,Zwolle,Zwolle,Overijssel,VBO,6.122632,52.485761
Rousemate,25,,,8014JZ,Zwolle,Zwolle,Overijssel,VBO,6.122599,52.485814
Rousemate,27,,,8014JZ,Zwolle,Zwolle,Overijssel,VBO,6.122582,52.485864
Wijnmanlaan,1,,,8014KA,Zwolle,Zwolle,Overijssel,VBO,6.124619,52.486446
Wijnmanlaan,2,,,8014KA,Zwolle,Zwolle,Overijssel,VBO,6.124218,52.486333
Wijnmanlaan,3,,,8014KA,Zwolle,Zwolle,Overijssel,VBO,6.124662,52.486415
Wijnmanlaan,4,,,8014KA,Zwolle,Zwolle,Overijssel,VBO,6.124231,52.486286
Wijnmanlaan,5,,,8014KA,Zwolle,Zwolle,Overijssel,VBO,6.124700,52.486366
Wijnmanlaan,6,,,8014KA,Zwolle,Zwolle,Overijssel,VBO,6.124260,52.486235
Wijnmanlaan,7,,,8014KA,Zwolle,Zwolle,Overijssel,VBO,6.124739,52.486322
Wijnmanlaan,8,,,8014KA,Zwolle,Zwolle,Overijssel,VBO,6.124286,52.486188
Wijnmanlaan,9,,,8014KA,Zwolle,Zwolle,Overijssel,VBO,6.124784,52.486276
Wijnmanlaan,10,,,8014KA,Zwolle,Zwolle,Overijssel,VBO,6.124561,52.485859
Wijnmanlaan,11,,,8014KA,Zwolle,Zwolle,Overijssel,VBO,6.125662,52.484789
Wijnmanlaan,12,,,8014KA,Zwolle,Zwolle,Overijssel,VBO,6.124609,52.485818
Wijnmanlaan,14,,,8014KA,Zwolle,Zwolle,Overijssel,VBO,6.124660,52.485778
Wijnmanlaan,15,,,8014KA,Zwolle,Zwolle,Overijssel,VBO,6.125798,52.484408
Wijnmanlaan,16,,,8014KA,Zwolle,Zwolle,Overijssel,VBO,6.124713,52.485741
Wijnmanlaan,17,,,8014KA,Zwolle,Zwolle,Overijssel,VBO,6.125829,52.484354
Wijnmanlaan,18,,,8014KA,Zwolle,Zwolle,Overijssel,VBO,6.124872,52.485524
Wijnmanlaan,19,,,8014KA,Zwolle,Zwolle,Overijssel,VBO,6.125968,52.484238
Wijnmanlaan,20,,,8014KA,Zwolle,Zwolle,Overijssel,VBO,6.124897,52.485472
Wijnmanlaan,22,,,8014KA,Zwolle,Zwolle,Overijssel,VBO,6.125130,52.485057
Wijnmanlaan,24,,,8014KA,Zwolle,Zwolle,Overijssel,VBO,6.125152,52.485008
Wijnmanlaan,26,,,8014KA,Zwolle,Zwolle,Overijssel,VBO,6.124520,52.484500
Wijnmanlaan,28,,,8014KA,Zwolle,Zwolle,Overijssel,VBO,6.124726,52.484566
Wijnmanlaan,30,,,8014KA,Zwolle,Zwolle,Overijssel,VBO,6.125034,52.484636
Wijnmanlaan,32,,,8014KA,Zwolle,Zwolle,Overijssel,VBO,6.125265,52.484594
Wijnmanlaan,34,,,8014KA,Zwolle,Zwolle,Overijssel,VBO,6.125407,52.484412
Wijnmanlaan,36,,,8014KA,Zwolle,Zwolle,Overijssel,VBO,6.125491,52.484248
Wijnmanlaan,38,,,8014KA,Zwolle,Zwolle,Overijssel,VBO,6.125511,52.484092
Krulmate,2,,,8014KC,Zwolle,Zwolle,Overijssel,VBO,6.125855,52.484616
Krulmate,4,,,8014KC,Zwolle,Zwolle,Overijssel,VBO,6.125937,52.484609
Krulmate,6,,,8014KC,Zwolle,Zwolle,Overijssel,VBO,6.126165,52.484630
Krulmate,8,,,8014KC,Zwolle,Zwolle,Overijssel,VBO,6.126248,52.484649
Krulmate,10,,,8014KC,Zwolle,Zwolle,Overijssel,VBO,6.126448,52.484743
Krulmate,12,,,8014KC,Zwolle,Zwolle,Overijssel,VBO,6.126492,52.484791
Krulmate,14,,,8014KC,Zwolle,Zwolle,Overijssel,VBO,6.126532,52.484935
Krulmate,16,,,8014KC,Zwolle,Zwolle,Overijssel,VBO,6.126502,52.484989
Krulmate,18,,,8014KC,Zwolle,Zwolle,Overijssel,VBO,6.126394,52.485118
Krulmate,20,,,8014KC,Zwolle,Zwolle,Overijssel,VBO,6.126339,52.485160
Krulmate,22,,,8014KC,Zwolle,Zwolle,Overijssel,VBO,6.125985,52.485349
Krulmate,24,,,8014KC,Zwolle,Zwolle,Overijssel,VBO,6.126069,52.485378
Krulmate,26,,,8014KC,Zwolle,Zwolle,Overijssel,VBO,6.126261,52.485431
Krulmate,28,,,8014KC,Zwolle,Zwolle,Overijssel,VBO,6.126354,52.485445
Krulmate,30,,,8014KC,Zwolle,Zwolle,Overijssel,VBO,6.126607,52.485434
Krulmate,32,,,8014KC,Zwolle,Zwolle,Overijssel,VBO,6.126711,52.485356
Krulmate,34,,,8014KC,Zwolle,Zwolle,Overijssel,VBO,6.126845,52.485301
Krulmate,36,,,8014KC,Zwolle,Zwolle,Overijssel,VBO,6.126903,52.485251
Krulmate,38,,,8014KC,Zwolle,Zwolle,Overijssel,VBO,6.126975,52.485144
Krulmate,40,,,8014KD,Zwolle,Zwolle,Overijssel,VBO,6.127000,52.485084
Krulmate,42,,,8014KD,Zwolle,Zwolle,Overijssel,VBO,6.127035,52.484945
Krulmate,44,,,8014KD,Zwolle,Zwolle,Overijssel,VBO,6.127040,52.484888
Krulmate,46,T,1,8014KD,Zwolle,Zwolle,Overijssel,VBO,6.126595,52.484561
Krulmate,48,,,8014KD,Zwolle,Zwolle,Overijssel,VBO,6.126816,52.484713
Krulmate,50,,,8014KD,Zwolle,Zwolle,Overijssel,VBO,6.126902,52.484673
Krulmate,52,,,8014KD,Zwolle,Zwolle,Overijssel,VBO,6.127101,52.484692
Krulmate,54,,,8014KD,Zwolle,Zwolle,Overijssel,VBO,6.127222,52.484684
Krulmate,56,,,8014KD,Zwolle,Zwolle,Overijssel,VBO,6.127419,52.484668
Krulmate,58,,,8014KD,Zwolle,Zwolle,Overijssel,VBO,6.127532,52.484657
Krulmate,60,,,8014KD,Zwolle,Zwolle,Overijssel,VBO,6.127733,52.484635
Krulmate,62,,,8014KD,Zwolle,Zwolle,Overijssel,VBO,6.127854,52.484620
Krulmate,64,,,8014KD,Zwolle,Zwolle,Overijssel,VBO,6.128057,52.484571
Krulmate,66,,,8014KD,Zwolle,Zwolle,Overijssel,VBO,6.128155,52.484527
Krulmate,68,,,8014KD,Zwolle,Zwolle,Overijssel,VBO,6.128474,52.484358
Krulmate,70,,,8014KD,Zwolle,Zwolle,Overijssel,VBO,6.128413,52.484301
Krulmate,72,,,8014KD,Zwolle,Zwolle,Overijssel,VBO,6.128226,52.484241
Krulmate,74,,,8014KD,Zwolle,Zwolle,Overijssel,VBO,6.128115,52.484242
Krulmate,76,,,8014KD,Zwolle,Zwolle,Overijssel,VBO,6.127886,52.484270
Krulmate,78,,,8014KD,Zwolle,Zwolle,Overijssel,VBO,6.127771,52.484295
Krulmate,80,,,8014KD,Zwolle,Zwolle,Overijssel,VBO,6.127596,52.484330
Krulmate,82,,,8014KD,Zwolle,Zwolle,Overijssel,VBO,6.127473,52.484355
Krulmate,84,,,8014KD,Zwolle,Zwolle,Overijssel,VBO,6.127289,52.484385
Krulmate,86,,,8014KD,Zwolle,Zwolle,Overijssel,VBO,6.127163,52.484395
Krulmate,88,,,8014KD,Zwolle,Zwolle,Overijssel,VBO,6.126972,52.484382
Krulmate,90,,,8014KD,Zwolle,Zwolle,Overijssel,VBO,6.126857,52.484351
Krulmate,92,,,8014KD,Zwolle,Zwolle,Overijssel,VBO,6.126695,52.484281
Krulmate,94,,,8014KD,Zwolle,Zwolle,Overijssel,VBO,6.126632,52.484235
Krulmate,96,,,8014KD,Zwolle,Zwolle,Overijssel,VBO,6.126421,52.484164
Krulmate,98,,,8014KD,Zwolle,Zwolle,Overijssel,VBO,6.126332,52.484157
Krulmate,100,,,8014KD,Zwolle,Zwolle,Overijssel,VBO,6.126035,52.484204
Krulmate,1,,,8014KE,Zwolle,Zwolle,Overijssel,VBO,6.125900,52.484814
Krulmate,3,,,8014KE,Zwolle,Zwolle,Overijssel,VBO,6.126102,52.484933
Krulmate,5,,,8014KE,Zwolle,Zwolle,Overijssel,VBO,6.126104,52.484985
Krulmate,7,,,8014KE,Zwolle,Zwolle,Overijssel,VBO,6.125927,52.485104
Krulmate,9,,,8014KE,Zwolle,Zwolle,Overijssel,VBO,6.125853,52.485140
Krulmate,11,,,8014KE,Zwolle,Zwolle,Overijssel,VBO,6.125787,52.485175
Krulmate,13,,,8014KE,Zwolle,Zwolle,Overijssel,VBO,6.125712,52.485204
Krulmate,15,,,8014KE,Zwolle,Zwolle,Overijssel,VBO,6.125632,52.485325
Krulmate,17,,,8014KE,Zwolle,Zwolle,Overijssel,VBO,6.125601,52.485376
Krulmate,19,,,8014KE,Zwolle,Zwolle,Overijssel,VBO,6.125518,52.485505
Krulmate,21,,,8014KE,Zwolle,Zwolle,Overijssel,VBO,6.125743,52.485553
Krulmate,23,,,8014KE,Zwolle,Zwolle,Overijssel,VBO,6.125905,52.485582
Krulmate,25,,,8014KE,Zwolle,Zwolle,Overijssel,VBO,6.125984,52.485595
Krulmate,27,,,8014KE,Zwolle,Zwolle,Overijssel,VBO,6.126062,52.485609
Krulmate,29,,,8014KE,Zwolle,Zwolle,Overijssel,VBO,6.126145,52.485623
Krulmate,31,,,8014KE,Zwolle,Zwolle,Overijssel,VBO,6.126223,52.485635
Krulmate,33,,,8014KE,Zwolle,Zwolle,Overijssel,VBO,6.126293,52.485644
Krulmate,35,,,8014KE,Zwolle,Zwolle,Overijssel,VBO,6.126454,52.485664
Krulmate,37,,,8014KE,Zwolle,Zwolle,Overijssel,VBO,6.126669,52.485689
Krulmate,39,,,8014KE,Zwolle,Zwolle,Overijssel,VBO,6.126770,52.485610
Krulmate,41,,,8014KG,Zwolle,Zwolle,Overijssel,VBO,6.126944,52.485557
Krulmate,43,,,8014KG,Zwolle,Zwolle,Overijssel,VBO,6.127006,52.485530
Krulmate,45,,,8014KG,Zwolle,Zwolle,Overijssel,VBO,6.127058,52.485492
Krulmate,47,,,8014KG,Zwolle,Zwolle,Overijssel,VBO,6.127097,52.485451
Krulmate,49,,,8014KG,Zwolle,Zwolle,Overijssel,VBO,6.127182,52.485372
Krulmate,51,,,8014KG,Zwolle,Zwolle,Overijssel,VBO,6.127224,52.485330
Krulmate,53,,,8014KG,Zwolle,Zwolle,Overijssel,VBO,6.127255,52.485290
Krulmate,55,,,8014KG,Zwolle,Zwolle,Overijssel,VBO,6.127287,52.485250
Krulmate,57,A,,8014KG,Zwolle,Zwolle,Overijssel,VBO,6.127370,52.485172
Krulmate,57,,,8014KG,Zwolle,Zwolle,Overijssel,VBO,6.127323,52.485209
Krulmate,59,,,8014KG,Zwolle,Zwolle,Overijssel,VBO,6.127679,52.485154
Krulmate,61,,,8014KG,Zwolle,Zwolle,Overijssel,VBO,6.127406,52.484935
Krulmate,63,,,8014KG,Zwolle,Zwolle,Overijssel,VBO,6.127478,52.484932
Krulmate,65,,,8014KG,Zwolle,Zwolle,Overijssel,VBO,6.127569,52.484919
Krulmate,67,,,8014KG,Zwolle,Zwolle,Overijssel,VBO,6.127646,52.484907
Krulmate,69,,,8014KG,Zwolle,Zwolle,Overijssel,VBO,6.127726,52.484897
Krulmate,71,,,8014KG,Zwolle,Zwolle,Overijssel,VBO,6.127770,52.484885
Krulmate,73,,,8014KG,Zwolle,Zwolle,Overijssel,VBO,6.127947,52.484863
Krulmate,75,,,8014KG,Zwolle,Zwolle,Overijssel,VBO,6.128022,52.484850
Krulmate,77,,,8014KG,Zwolle,Zwolle,Overijssel,VBO,6.128089,52.484826
Krulmate,79,,,8014KG,Zwolle,Zwolle,Overijssel,VBO,6.128155,52.484802
Krulmate,81,A,,8014KH,Zwolle,Zwolle,Overijssel,VBO,6.128376,52.484666
Krulmate,81,,,8014KH,Zwolle,Zwolle,Overijssel,VBO,6.128324,52.484700
Krulmate,83,,,8014KH,Zwolle,Zwolle,Overijssel,VBO,6.128568,52.484556
Krulmate,85,,,8014KH,Zwolle,Zwolle,Overijssel,VBO,6.128627,52.484518
Krulmate,87,,,8014KH,Zwolle,Zwolle,Overijssel,VBO,6.128761,52.484408
Krulmate,89,,,8014KH,Zwolle,Zwolle,Overijssel,VBO,6.128803,52.484360
Krulmate,91,,,8014KH,Zwolle,Zwolle,Overijssel,VBO,6.129013,52.484241
Krulmate,93,,,8014KH,Zwolle,Zwolle,Overijssel,VBO,6.128716,52.484190
Krulmate,95,,,8014KH,Zwolle,Zwolle,Overijssel,VBO,6.128491,52.484113
Krulmate,97,A,,8014KH,Zwolle,Zwolle,Overijssel,VBO,6.128011,52.484058
Krulmate,97,,,8014KH,Zwolle,Zwolle,Overijssel,VBO,6.128109,52.484061
Krulmate,99,A,,8014KH,Zwolle,Zwolle,Overijssel,VBO,6.127662,52.484090
Krulmate,99,,,8014KH,Zwolle,Zwolle,Overijssel,VBO,6.127759,52.484077
Krulmate,101,,,8014KH,Zwolle,Zwolle,Overijssel,VBO,6.127446,52.484127
Krulmate,103,,,8014KH,Zwolle,Zwolle,Overijssel,VBO,6.127228,52.484110
Krulmate,105,,,8014KH,Zwolle,Zwolle,Overijssel,VBO,6.127138,52.484119
Krulmate,107,,,8014KH,Zwolle,Zwolle,Overijssel,VBO,6.126921,52.484095
Krulmate,109,,,8014KH,Zwolle,Zwolle,Overijssel,VBO,6.126850,52.484024
Krulmate,111,,,8014KH,Zwolle,Zwolle,Overijssel,VBO,6.126649,52.483949
Krulmate,113,,,8014KH,Zwolle,Zwolle,Overijssel,VBO,6.126572,52.483940
Krulmate,115,,,8014KH,Zwolle,Zwolle,Overijssel,VBO,6.126493,52.483932
Krulmate,117,,,8014KH,Zwolle,Zwolle,Overijssel,VBO,6.126424,52.483921
Krulmate,119,,,8014KH,Zwolle,Zwolle,Overijssel,VBO,6.126218,52.483958
Cransmate,1,,,8014KK,Zwolle,Zwolle,Overijssel,VBO,6.124993,52.485291
Cransmate,3,,,8014KK,Zwolle,Zwolle,Overijssel,VBO,6.124837,52.485252
Cransmate,5,,,8014KK,Zwolle,Zwolle,Overijssel,VBO,6.124758,52.485234
Cransmate,7,,,8014KK,Zwolle,Zwolle,Overijssel,VBO,6.124704,52.485046
Cransmate,9,,,8014KK,Zwolle,Zwolle,Overijssel,VBO,6.124644,52.485009
Cransmate,11,,,8014KK,Zwolle,Zwolle,Overijssel,VBO,6.124512,52.484937
Cransmate,13,,,8014KK,Zwolle,Zwolle,Overijssel,VBO,6.124430,52.484918
Cransmate,17,,,8014KK,Zwolle,Zwolle,Overijssel,VBO,6.124256,52.484877
Cransmate,19,,,8014KK,Zwolle,Zwolle,Overijssel,VBO,6.124184,52.485008
Cransmate,21,,,8014KK,Zwolle,Zwolle,Overijssel,VBO,6.124156,52.485058
Cransmate,23,,,8014KK,Zwolle,Zwolle,Overijssel,VBO,6.124072,52.485190
Cransmate,25,,,8014KK,Zwolle,Zwolle,Overijssel,VBO,6.124133,52.485228
Cransmate,27,,,8014KK,Zwolle,Zwolle,Overijssel,VBO,6.124275,52.485278
Cransmate,29,,,8014KK,Zwolle,Zwolle,Overijssel,VBO,6.124343,52.485315
Cransmate,31,,,8014KK,Zwolle,Zwolle,Overijssel,VBO,6.124515,52.485350
Cransmate,33,,,8014KK,Zwolle,Zwolle,Overijssel,VBO,6.124578,52.485385
Grevenmate,1,,,8014KL,Zwolle,Zwolle,Overijssel,VBO,6.124216,52.485766
Grevenmate,2,,,8014KL,Zwolle,Zwolle,Overijssel,VBO,6.124439,52.486033
Grevenmate,3,,,8014KL,Zwolle,Zwolle,Overijssel,VBO,6.124159,52.485740
Grevenmate,4,,,8014KL,Zwolle,Zwolle,Overijssel,VBO,6.124356,52.486019
Grevenmate,5,,,8014KL,Zwolle,Zwolle,Overijssel,VBO,6.124095,52.485710
Grevenmate,6,,,8014KL,Zwolle,Zwolle,Overijssel,VBO,6.124277,52.486004
Grevenmate,7,,,8014KL,Zwolle,Zwolle,Overijssel,VBO,6.124027,52.485678
Grevenmate,8,,,8014KL,Zwolle,Zwolle,Overijssel,VBO,6.124193,52.485986
Grevenmate,9,,,8014KL,Zwolle,Zwolle,Overijssel,VBO,6.123967,52.485643
Grevenmate,10,,,8014KL,Zwolle,Zwolle,Overijssel,VBO,6.124123,52.485973
Grevenmate,12,,,8014KL,Zwolle,Zwolle,Overijssel,VBO,6.123957,52.485997
Grevenmate,14,,,8014KL,Zwolle,Zwolle,Overijssel,VBO,6.123885,52.485986
Grevenmate,16,,,8014KL,Zwolle,Zwolle,Overijssel,VBO,6.123809,52.485970
Grevenmate,18,,,8014KL,Zwolle,Zwolle,Overijssel,VBO,6.123721,52.485952
Grevenmate,20,,,8014KL,Zwolle,Zwolle,Overijssel,VBO,6.123641,52.485937
Geldermanmate,1,,,8014KN,Zwolle,Zwolle,Overijssel,VBO,6.125093,52.486433
Geldermanmate,2,,,8014KN,Zwolle,Zwolle,Overijssel,VBO,6.124819,52.486109
Geldermanmate,3,,,8014KN,Zwolle,Zwolle,Overijssel,VBO,6.125154,52.486464
Geldermanmate,4,,,8014KN,Zwolle,Zwolle,Overijssel,VBO,6.124881,52.486097
Geldermanmate,5,,,8014KN,Zwolle,Zwolle,Overijssel,VBO,6.125222,52.486489
Geldermanmate,6,,,8014KN,Zwolle,Zwolle,Overijssel,VBO,6.124961,52.486088
Geldermanmate,7,,,8014KN,Zwolle,Zwolle,Overijssel,VBO,6.125258,52.486543
Geldermanmate,8,,,8014KN,Zwolle,Zwolle,Overijssel,VBO,6.125051,52.486078
Geldermanmate,9,,,8014KN,Zwolle,Zwolle,Overijssel,VBO,6.125323,52.486573
Geldermanmate,10,,,8014KN,Zwolle,Zwolle,Overijssel,VBO,6.125122,52.486049
Geldermanmate,11,,,8014KN,Zwolle,Zwolle,Overijssel,VBO,6.125395,52.486587
Geldermanmate,12,,,8014KN,Zwolle,Zwolle,Overijssel,VBO,6.125200,52.486039
Geldermanmate,13,,,8014KN,Zwolle,Zwolle,Overijssel,VBO,6.125519,52.486459
Geldermanmate,14,,,8014KN,Zwolle,Zwolle,Overijssel,VBO,6.125325,52.486039
Geldermanmate,15,,,8014KN,Zwolle,Zwolle,Overijssel,VBO,6.125575,52.486428
Geldermanmate,16,,,8014KN,Zwolle,Zwolle,Overijssel,VBO,6.125396,52.486046
Geldermanmate,17,,,8014KN,Zwolle,Zwolle,Overijssel,VBO,6.125619,52.486388
Geldermanmate,18,,,8014KN,Zwolle,Zwolle,Overijssel,VBO,6.125478,52.486056
Geldermanmate,19,,,8014KN,Zwolle,Zwolle,Overijssel,VBO,6.125659,52.486346
Geldermanmate,20,,,8014KN,Zwolle,Zwolle,Overijssel,VBO,6.125571,52.486067
Geldermanmate,21,,,8014KN,Zwolle,Zwolle,Overijssel,VBO,6.125748,52.486315
Geldermanmate,22,,,8014KN,Zwolle,Zwolle,Overijssel,VBO,6.125645,52.486076
Geldermanmate,23,,,8014KN,Zwolle,Zwolle,Overijssel,VBO,6.125787,52.486267
Geldermanmate,24,,,8014KN,Zwolle,Zwolle,Overijssel,VBO,6.125719,52.486090
Geldermanmate,26,,,8014KN,Zwolle,Zwolle,Overijssel,VBO,6.125872,52.486116
Geldermanmate,28,,,8014KN,Zwolle,Zwolle,Overijssel,VBO,6.125934,52.486145
Geldermanmate,30,,,8014KN,Zwolle,Zwolle,Overijssel,VBO,6.126000,52.486177
Geldermanmate,32,,,8014KN,Zwolle,Zwolle,Overijssel,VBO,6.126053,52.486194
Tichelmeesterlaan,1,,,8014LA,Zwolle,Zwolle,Overijssel,VBO,6.119187,52.485303
Tichelmeesterlaan,3,,,8014LA,Zwolle,Zwolle,Overijssel,VBO,6.119135,52.485262
Tichelmeesterlaan,5,,,8014LA,Zwolle,Zwolle,Overijssel,VBO,6.119070,52.485222
Tichelmeesterlaan,7,,,8014LA,Zwolle,Zwolle,Overijssel,VBO,6.119007,52.485188
Tichelmeesterlaan,9,,,8014LA,Zwolle,Zwolle,Overijssel,VBO,6.118954,52.485157
Tichelmeesterlaan,11,,,8014LA,Zwolle,Zwolle,Overijssel,VBO,6.118892,52.484984
Tichelmeesterlaan,13,,,8014LA,Zwolle,Zwolle,Overijssel,VBO,6.118949,52.484941
Tichelmeesterlaan,15,,,8014LA,Zwolle,Zwolle,Overijssel,VBO,6.118992,52.484899
Tichelmeesterlaan,17,,,8014LA,Zwolle,Zwolle,Overijssel,VBO,6.119037,52.484856
Tichelmeesterlaan,19,,,8014LA,Zwolle,Zwolle,Overijssel,VBO,6.119084,52.484812
Tichelmeesterlaan,21,,,8014LA,Zwolle,Zwolle,Overijssel,VBO,6.119702,52.484627
Tichelmeesterlaan,23,,,8014LA,Zwolle,Zwolle,Overijssel,VBO,6.119773,52.484591
Tichelmeesterlaan,25,,,8014LA,Zwolle,Zwolle,Overijssel,VBO,6.119829,52.484543
Tichelmeesterlaan,27,,,8014LA,Zwolle,Zwolle,Overijssel,VBO,6.119870,52.484496
Tichelmeesterlaan,29,,,8014LA,Zwolle,Zwolle,Overijssel,VBO,6.120134,52.484527
Tichelmeesterlaan,31,,,8014LA,Zwolle,Zwolle,Overijssel,VBO,6.120232,52.484549
Tichelmeesterlaan,33,,,8014LA,Zwolle,Zwolle,Overijssel,VBO,6.120307,52.484566
Tichelmeesterlaan,35,,,8014LA,Zwolle,Zwolle,Overijssel,VBO,6.120392,52.484582
Tichelmeesterlaan,37,,,8014LA,Zwolle,Zwolle,Overijssel,VBO,6.120481,52.484600
Tichelmeesterlaan,39,,,8014LA,Zwolle,Zwolle,Overijssel,VBO,6.120555,52.484612
Tichelmeesterlaan,45,,,8014LA,Zwolle,Zwolle,Overijssel,VBO,6.121414,52.484747
Tichelmeesterlaan,47,,,8014LA,Zwolle,Zwolle,Overijssel,VBO,6.121979,52.484529
Tichelmeesterlaan,49,,,8014LA,Zwolle,Zwolle,Overijssel,VBO,6.122699,52.484413
Tichelmeesterlaan,2,,,8014LB,Zwolle,Zwolle,Overijssel,VBO,6.119272,52.484543
Tichelmeesterlaan,4,,,8014LB,Zwolle,Zwolle,Overijssel,VBO,6.119359,52.484530
Tichelmeesterlaan,6,,,8014LB,Zwolle,Zwolle,Overijssel,VBO,6.119420,52.484481
Tichelmeesterlaan,8,,,8014LB,Zwolle,Zwolle,Overijssel,VBO,6.119474,52.484439
Tichelmeesterlaan,10,,,8014LB,Zwolle,Zwolle,Overijssel,VBO,6.119529,52.484395
Tichelmeesterlaan,12,,,8014LB,Zwolle,Zwolle,Overijssel,VBO,6.119586,52.484352
Tichelmeesterlaan,14,,,8014LB,Zwolle,Zwolle,Overijssel,VBO,6.119641,52.484304
Tichelmeesterlaan,16,,,8014LB,Zwolle,Zwolle,Overijssel,VBO,6.119706,52.484134
Tichelmeesterlaan,18,,,8014LB,Zwolle,Zwolle,Overijssel,VBO,6.119795,52.484128
Tichelmeesterlaan,20,,,8014LB,Zwolle,Zwolle,Overijssel,VBO,6.119865,52.484119
Tichelmeesterlaan,22,,,8014LB,Zwolle,Zwolle,Overijssel,VBO,6.120033,52.484220
Tichelmeesterlaan,24,,,8014LB,Zwolle,Zwolle,Overijssel,VBO,6.120114,52.484228
Tichelmeesterlaan,26,,,8014LB,Zwolle,Zwolle,Overijssel,VBO,6.120193,52.484246
Tichelmeesterlaan,28,,,8014LB,Zwolle,Zwolle,Overijssel,VBO,6.120274,52.484266
Tichelmeesterlaan,30,,,8014LB,Zwolle,Zwolle,Overijssel,VBO,6.120349,52.484282
Tichelmeesterlaan,32,,,8014LB,Zwolle,Zwolle,Overijssel,VBO,6.120426,52.484299
Tichelmeesterlaan,34,,,8014LB,Zwolle,Zwolle,Overijssel,VBO,6.120504,52.484316
Tichelmeesterlaan,36,,,8014LB,Zwolle,Zwolle,Overijssel,VBO,6.120558,52.484326
Tichelmeesterlaan,38,,,8014LC,Zwolle,Zwolle,Overijssel,VBO,6.120767,52.484312
Tichelmeesterlaan,40,,,8014LC,Zwolle,Zwolle,Overijssel,VBO,6.120835,52.484298
Tichelmeesterlaan,42,,,8014LC,Zwolle,Zwolle,Overijssel,VBO,6.120919,52.484283
Tichelmeesterlaan,44,,,8014LC,Zwolle,Zwolle,Overijssel,VBO,6.121001,52.484267
Tichelmeesterlaan,46,,,8014LC,Zwolle,Zwolle,Overijssel,VBO,6.121079,52.484256
Tichelmeesterlaan,48,,,8014LC,Zwolle,Zwolle,Overijssel,VBO,6.121157,52.484242
Tichelmeesterlaan,50,,,8014LC,Zwolle,Zwolle,Overijssel,VBO,6.121225,52.484242
Tichelmeesterlaan,52,,,8014LC,Zwolle,Zwolle,Overijssel,VBO,6.121662,52.484201
Tichelmeesterlaan,54,,,8014LC,Zwolle,Zwolle,Overijssel,VBO,6.121689,52.484155
Tichelmeesterlaan,56,,,8014LC,Zwolle,Zwolle,Overijssel,VBO,6.121725,52.484107
Tichelmeesterlaan,58,,,8014LC,Zwolle,Zwolle,Overijssel,VBO,6.121771,52.484060
Tichelmeesterlaan,60,,,8014LC,Zwolle,Zwolle,Overijssel,VBO,6.122011,52.483866
Tichelmeesterlaan,62,,,8014LC,Zwolle,Zwolle,Overijssel,VBO,6.122022,52.483816
Tichelmeesterlaan,64,,,8014LC,Zwolle,Zwolle,Overijssel,VBO,6.122043,52.483763
Tichelmeesterlaan,66,,,8014LC,Zwolle,Zwolle,Overijssel,VBO,6.122064,52.483707
Tichelmeesterlaan,68,,,8014LC,Zwolle,Zwolle,Overijssel,VBO,6.122088,52.483666
Tichelmeesterlaan,70,,,8014LD,Zwolle,Zwolle,Overijssel,VBO,6.122135,52.483459
Tichelmeesterlaan,72,,,8014LD,Zwolle,Zwolle,Overijssel,VBO,6.122098,52.483407
Tichelmeesterlaan,74,,,8014LD,Zwolle,Zwolle,Overijssel,VBO,6.122064,52.483358
Tichelmeesterlaan,76,,,8014LD,Zwolle,Zwolle,Overijssel,VBO,6.122033,52.483309
Tichelmeesterlaan,78,,,8014LD,Zwolle,Zwolle,Overijssel,VBO,6.122001,52.483260
Tichelmeesterlaan,80,,,8014LD,Zwolle,Zwolle,Overijssel,VBO,6.121839,52.483176
Tichelmeesterlaan,82,,,8014LD,Zwolle,Zwolle,Overijssel,VBO,6.121756,52.483164
Tichelmeesterlaan,84,,,8014LD,Zwolle,Zwolle,Overijssel,VBO,6.121676,52.483149
Tichelmeesterlaan,86,,,8014LD,Zwolle,Zwolle,Overijssel,VBO,6.121592,52.483133
Tichelmeesterlaan,88,,,8014LD,Zwolle,Zwolle,Overijssel,VBO,6.121514,52.483118
Tichelmeesterlaan,90,,,8014LD,Zwolle,Zwolle,Overijssel,VBO,6.121416,52.483125
Tichelmeesterlaan,92,,,8014LD,Zwolle,Zwolle,Overijssel,VBO,6.121325,52.483109
Muntzmate,1,,,8014LE,Zwolle,Zwolle,Overijssel,VBO,6.120743,52.484639
Muntzmate,2,,,8014LE,Zwolle,Zwolle,Overijssel,VBO,6.120950,52.485078
Muntzmate,3,,,8014LE,Zwolle,Zwolle,Overijssel,VBO,6.120789,52.484683
Muntzmate,4,,,8014LE,Zwolle,Zwolle,Overijssel,VBO,6.120879,52.485071
Muntzmate,5,,,8014LE,Zwolle,Zwolle,Overijssel,VBO,6.120848,52.484735
Muntzmate,6,,,8014LE,Zwolle,Zwolle,Overijssel,VBO,6.120796,52.485050
Muntzmate,7,,,8014LE,Zwolle,Zwolle,Overijssel,VBO,6.120899,52.484780
Muntzmate,8,,,8014LE,Zwolle,Zwolle,Overijssel,VBO,6.120710,52.485034
Muntzmate,10,,,8014LE,Zwolle,Zwolle,Overijssel,VBO,6.120626,52.485014
Muntzmate,12,,,8014LE,Zwolle,Zwolle,Overijssel,VBO,6.120454,52.484895
Muntzmate,14,,,8014LE,Zwolle,Zwolle,Overijssel,VBO,6.120360,52.484875
Muntzmate,16,,,8014LE,Zwolle,Zwolle,Overijssel,VBO,6.120275,52.484864
Muntzmate,18,,,8014LE,Zwolle,Zwolle,Overijssel,VBO,6.120197,52.484836
Muntzmate,20,,,8014LE,Zwolle,Zwolle,Overijssel,VBO,6.120116,52.484824
Muntzmate,22,,,8014LE,Zwolle,Zwolle,Overijssel,VBO,6.120032,52.484807
Muntzmate,24,,,8014LE,Zwolle,Zwolle,Overijssel,VBO,6.119959,52.484796
Wolbertsmate,1,,,8014LG,Zwolle,Zwolle,Overijssel,VBO,6.120269,52.483950
Wolbertsmate,2,,,8014LG,Zwolle,Zwolle,Overijssel,VBO,6.120085,52.483866
Wolbertsmate,3,,,8014LG,Zwolle,Zwolle,Overijssel,VBO,6.120345,52.483974
Wolbertsmate,4,,,8014LG,Zwolle,Zwolle,Overijssel,VBO,6.120034,52.483827
Wolbertsmate,5,,,8014LG,Zwolle,Zwolle,Overijssel,VBO,6.120424,52.483991
Wolbertsmate,6,,,8014LG,Zwolle,Zwolle,Overijssel,VBO,6.119992,52.483787
Wolbertsmate,7,,,8014LG,Zwolle,Zwolle,Overijssel,VBO,6.120504,52.484006
Wolbertsmate,8,,,8014LG,Zwolle,Zwolle,Overijssel,VBO,6.120461,52.483757
Wolbertsmate,9,,,8014LG,Zwolle,Zwolle,Overijssel,VBO,6.120574,52.484025
Wolbertsmate,10,,,8014LG,Zwolle,Zwolle,Overijssel,VBO,6.120542,52.483776
Wolbertsmate,11,,,8014LG,Zwolle,Zwolle,Overijssel,VBO,6.120648,52.484038
Wolbertsmate,12,,,8014LG,Zwolle,Zwolle,Overijssel,VBO,6.120627,52.483792
Wolbertsmate,13,,,8014LG,Zwolle,Zwolle,Overijssel,VBO,6.120711,52.484045
Wolbertsmate,14,,,8014LG,Zwolle,Zwolle,Overijssel,VBO,6.120698,52.483809
Wolbertsmate,16,,,8014LG,Zwolle,Zwolle,Overijssel,VBO,6.120777,52.483823
Wolbertsmate,18,,,8014LG,Zwolle,Zwolle,Overijssel,VBO,6.120852,52.483836
Wolbertsmate,20,,,8014LG,Zwolle,Zwolle,Overijssel,VBO,6.120913,52.483851
Wolbertsmate,22,,,8014LG,Zwolle,Zwolle,Overijssel,VBO,6.121046,52.483893
Wolbertsmate,24,,,8014LG,Zwolle,Zwolle,Overijssel,VBO,6.121121,52.483920
Wolbertsmate,26,,,8014LG,Zwolle,Zwolle,Overijssel,VBO,6.121194,52.483952
Wolbertsmate,28,,,8014LG,Zwolle,Zwolle,Overijssel,VBO,6.121270,52.483984
Wolbertsmate,30,,,8014LG,Zwolle,Zwolle,Overijssel,VBO,6.121329,52.484007
Wolbertsmate,32,,,8014LG,Zwolle,Zwolle,Overijssel,VBO,6.121393,52.484037
Wolbertsmate,34,,,8014LG,Zwolle,Zwolle,Overijssel,VBO,6.121442,52.484056
Hemminckmate,1,,,8014LH,Zwolle,Zwolle,Overijssel,VBO,6.121550,52.483436
Hemminckmate,2,,,8014LH,Zwolle,Zwolle,Overijssel,VBO,6.121777,52.483685
Hemminckmate,3,,,8014LH,Zwolle,Zwolle,Overijssel,VBO,6.121475,52.483416
Hemminckmate,4,,,8014LH,Zwolle,Zwolle,Overijssel,VBO,6.121691,52.483678
Hemminckmate,5,,,8014LH,Zwolle,Zwolle,Overijssel,VBO,6.121385,52.483418
Hemminckmate,6,,,8014LH,Zwolle,Zwolle,Overijssel,VBO,6.121600,52.483665
Hemminckmate,7,,,8014LH,Zwolle,Zwolle,Overijssel,VBO,6.121296,52.483393
Hemminckmate,8,,,8014LH,Zwolle,Zwolle,Overijssel,VBO,6.121503,52.483645
Hemminckmate,9,,,8014LH,Zwolle,Zwolle,Overijssel,VBO,6.121213,52.483368
Hemminckmate,10,,,8014LH,Zwolle,Zwolle,Overijssel,VBO,6.121373,52.483612
Hemminckmate,12,,,8014LH,Zwolle,Zwolle,Overijssel,VBO,6.121314,52.483591
Hemminckmate,14,,,8014LH,Zwolle,Zwolle,Overijssel,VBO,6.121226,52.483565
Hemminckmate,16,,,8014LH,Zwolle,Zwolle,Overijssel,VBO,6.121161,52.483546
Hemminckmate,18,,,8014LH,Zwolle,Zwolle,Overijssel,VBO,6.121071,52.483524
Hemminckmate,20,,,8014LH,Zwolle,Zwolle,Overijssel,VBO,6.121004,52.483503
Hemminckmate,22,,,8014LH,Zwolle,Zwolle,Overijssel,VBO,6.120927,52.483492
Hemminckmate,24,,,8014LH,Zwolle,Zwolle,Overijssel,VBO,6.120844,52.483469
Hemminckmate,26,,,8014LH,Zwolle,Zwolle,Overijssel,VBO,6.120769,52.483448
Hemminckmate,28,,,8014LJ,Zwolle,Zwolle,Overijssel,VBO,6.120467,52.483466
Hemminckmate,30,,,8014LJ,Zwolle,Zwolle,Overijssel,VBO,6.120499,52.483420
Hemminckmate,32,,,8014LJ,Zwolle,Zwolle,Overijssel,VBO,6.120528,52.483375
Hemminckmate,34,,,8014LJ,Zwolle,Zwolle,Overijssel,VBO,6.120569,52.483337
Hemminckmate,36,,,8014LJ,Zwolle,Zwolle,Overijssel,VBO,6.120695,52.483259
Hemminckmate,38,,,8014LJ,Zwolle,Zwolle,Overijssel,VBO,6.120763,52.483233
Hemminckmate,40,,,8014LJ,Zwolle,Zwolle,Overijssel,VBO,6.120822,52.483198
Hemminckmate,42,,,8014LJ,Zwolle,Zwolle,Overijssel,VBO,6.120883,52.483164
Hemminckmate,44,,,8014LJ,Zwolle,Zwolle,Overijssel,VBO,6.120951,52.483128
Hemminckmate,46,,,8014LJ,Zwolle,Zwolle,Overijssel,VBO,6.121013,52.483092
Hemminckmate,48,,,8014LJ,Zwolle,Zwolle,Overijssel,VBO,6.121070,52.483050
Radenlaan,19,,,8014LK,Zwolle,Zwolle,Overijssel,VBO,6.120772,52.482746
Radenlaan,21,,,8014LK,Zwolle,Zwolle,Overijssel,VBO,6.120706,52.482734
Radenlaan,23,,,8014LK,Zwolle,Zwolle,Overijssel,VBO,6.120627,52.482719
Radenlaan,25,,,8014LK,Zwolle,Zwolle,Overijssel,VBO,6.120550,52.482707
Radenlaan,27,,,8014LK,Zwolle,Zwolle,Overijssel,VBO,6.120473,52.482695
Radenlaan,29,,,8014LK,Zwolle,Zwolle,Overijssel,VBO,6.120399,52.482680
Radenlaan,31,,,8014LK,Zwolle,Zwolle,Overijssel,VBO,6.120318,52.482667
Radenlaan,33,,,8014LK,Zwolle,Zwolle,Overijssel,VBO,6.120243,52.482653
Radenlaan,35,,,8014LK,Zwolle,Zwolle,Overijssel,VBO,6.120154,52.482638
Radenlaan,37,T,1,8014LK,Zwolle,Zwolle,Overijssel,VBO,6.120041,52.482645
Radenlaan,39,,,8014LK,Zwolle,Zwolle,Overijssel,VBO,6.119156,52.482913
Radenlaan,41,,,8014LK,Zwolle,Zwolle,Overijssel,VBO,6.119093,52.482919
Radenlaan,43,,,8014LK,Zwolle,Zwolle,Overijssel,VBO,6.119011,52.482946
Radenlaan,45,,,8014LK,Zwolle,Zwolle,Overijssel,VBO,6.118949,52.482967
Radenlaan,47,,,8014LK,Zwolle,Zwolle,Overijssel,VBO,6.118876,52.482993
Radenlaan,49,,,8014LK,Zwolle,Zwolle,Overijssel,VBO,6.118807,52.483020
Radenlaan,51,,,8014LK,Zwolle,Zwolle,Overijssel,VBO,6.118741,52.483044
Radenlaan,53,,,8014LK,Zwolle,Zwolle,Overijssel,VBO,6.118664,52.483071
Radenlaan,55,,,8014LK,Zwolle,Zwolle,Overijssel,VBO,6.118595,52.483098
Radenlaan,28,,,8014LL,Zwolle,Zwolle,Overijssel,VBO,6.120425,52.482938
Radenlaan,30,,,8014LL,Zwolle,Zwolle,Overijssel,VBO,6.120350,52.482937
Radenlaan,32,,,8014LL,Zwolle,Zwolle,Overijssel,VBO,6.120275,52.482922
Radenlaan,34,,,8014LL,Zwolle,Zwolle,Overijssel,VBO,6.120190,52.482899
Radenlaan,36,,,8014LL,Zwolle,Zwolle,Overijssel,VBO,6.119914,52.482857
Radenlaan,38,,,8014LL,Zwolle,Zwolle,Overijssel,VBO,6.119874,52.482903
Radenlaan,40,,,8014LL,Zwolle,Zwolle,Overijssel,VBO,6.119796,52.482927
Radenlaan,42,,,8014LL,Zwolle,Zwolle,Overijssel,VBO,6.119600,52.483061
Radenlaan,44,,,8014LL,Zwolle,Zwolle,Overijssel,VBO,6.119537,52.483101
Radenlaan,46,,,8014LL,Zwolle,Zwolle,Overijssel,VBO,6.119462,52.483128
Radenlaan,48,,,8014LL,Zwolle,Zwolle,Overijssel,VBO,6.119365,52.483148
Radenlaan,50,,,8014LL,Zwolle,Zwolle,Overijssel,VBO,6.119291,52.483175
Radenlaan,52,,,8014LL,Zwolle,Zwolle,Overijssel,VBO,6.119221,52.483213
Radenlaan,54,,,8014LL,Zwolle,Zwolle,Overijssel,VBO,6.119151,52.483239
Radenlaan,56,,,8014LL,Zwolle,Zwolle,Overijssel,VBO,6.119076,52.483263
Radenlaan,58,,,8014LL,Zwolle,Zwolle,Overijssel,VBO,6.119001,52.483289
Radenlaan,60,,,8014LL,Zwolle,Zwolle,Overijssel,VBO,6.118929,52.483314
Radenlaan,62,,,8014LL,Zwolle,Zwolle,Overijssel,VBO,6.118856,52.483340
Radenlaan,64,,,8014LL,Zwolle,Zwolle,Overijssel,VBO,6.118763,52.483361
Radenlaan,66,,,8014LL,Zwolle,Zwolle,Overijssel,VBO,6.118643,52.483420
Radenlaan,68,,,8014LL,Zwolle,Zwolle,Overijssel,VBO,6.118601,52.483469
Radenlaan,70,,,8014LL,Zwolle,Zwolle,Overijssel,VBO,6.118551,52.483519
Radenlaan,72,,,8014LL,Zwolle,Zwolle,Overijssel,VBO,6.118490,52.483561
Tichelmeesterlaan,51,,,8014LM,Zwolle,Zwolle,Overijssel,VBO,6.122445,52.483858
Tichelmeesterlaan,53,,,8014LM,Zwolle,Zwolle,Overijssel,VBO,6.122483,52.483815
Tichelmeesterlaan,55,,,8014LM,Zwolle,Zwolle,Overijssel,VBO,6.122505,52.483765
Tichelmeesterlaan,57,,,8014LM,Zwolle,Zwolle,Overijssel,VBO,6.122523,52.483711
Tichelmeesterlaan,59,,,8014LM,Zwolle,Zwolle,Overijssel,VBO,6.122517,52.483669
Tichelmeesterlaan,61,,,8014LM,Zwolle,Zwolle,Overijssel,VBO,6.122527,52.483593
Tichelmeesterlaan,63,,,8014LM,Zwolle,Zwolle,Overijssel,VBO,6.122565,52.483549
Tichelmeesterlaan,65,,,8014LM,Zwolle,Zwolle,Overijssel,VBO,6.122585,52.483495
Tichelmeesterlaan,67,,,8014LM,Zwolle,Zwolle,Overijssel,VBO,6.122602,52.483445
Tichelmeesterlaan,69,,,8014LM,Zwolle,Zwolle,Overijssel,VBO,6.122599,52.483399
Tichelmeesterlaan,71,,,8014LM,Zwolle,Zwolle,Overijssel,VBO,6.122548,52.483052
Tichelmeesterlaan,73,,,8014LM,Zwolle,Zwolle,Overijssel,VBO,6.122474,52.483040
Tichelmeesterlaan,75,,,8014LM,Zwolle,Zwolle,Overijssel,VBO,6.122395,52.483022
Tichelmeesterlaan,77,,,8014LM,Zwolle,Zwolle,Overijssel,VBO,6.122287,52.482990
Tichelmeesterlaan,79,,,8014LM,Zwolle,Zwolle,Overijssel,VBO,6.122210,52.482975
Tichelmeesterlaan,81,,,8014LM,Zwolle,Zwolle,Overijssel,VBO,6.122138,52.482962
Tichelmeesterlaan,83,,,8014LM,Zwolle,Zwolle,Overijssel,VBO,6.122057,52.482947
Tichelmeesterlaan,85,,,8014LM,Zwolle,Zwolle,Overijssel,VBO,6.121975,52.482939
Tichelmeesterlaan,87,,,8014LM,Zwolle,Zwolle,Overijssel,VBO,6.121862,52.482903
Tichelmeesterlaan,89,,,8014LM,Zwolle,Zwolle,Overijssel,VBO,6.121786,52.482891
Tichelmeesterlaan,91,,,8014LM,Zwolle,Zwolle,Overijssel,VBO,6.121709,52.482876
Tichelmeesterlaan,93,,,8014LM,Zwolle,Zwolle,Overijssel,VBO,6.121634,52.482864
Rietbergmate,1,,,8014LN,Zwolle,Zwolle,Overijssel,VBO,6.119686,52.483242
Rietbergmate,2,,,8014LN,Zwolle,Zwolle,Overijssel,VBO,6.119927,52.483126
Rietbergmate,3,,,8014LN,Zwolle,Zwolle,Overijssel,VBO,6.119717,52.483291
Rietbergmate,4,,,8014LN,Zwolle,Zwolle,Overijssel,VBO,6.119992,52.483154
Rietbergmate,5,,,8014LN,Zwolle,Zwolle,Overijssel,VBO,6.119777,52.483348
Rietbergmate,6,,,8014LN,Zwolle,Zwolle,Overijssel,VBO,6.120084,52.483207
Rietbergmate,7,,,8014LN,Zwolle,Zwolle,Overijssel,VBO,6.119829,52.483387
Rietbergmate,8,,,8014LN,Zwolle,Zwolle,Overijssel,VBO,6.120120,52.483222
Rietbergmate,9,,,8014LN,Zwolle,Zwolle,Overijssel,VBO,6.119622,52.483474
Rietbergmate,11,,,8014LN,Zwolle,Zwolle,Overijssel,VBO,6.119555,52.483514
Rietbergmate,13,,,8014LN,Zwolle,Zwolle,Overijssel,VBO,6.119495,52.483554
Rietbergmate,15,,,8014LN,Zwolle,Zwolle,Overijssel,VBO,6.119448,52.483594
Rietbergmate,17,,,8014LN,Zwolle,Zwolle,Overijssel,VBO,6.119393,52.483634
Rietbergmate,19,,,8014LN,Zwolle,Zwolle,Overijssel,VBO,6.119329,52.483677
Rietbergmate,21,,,8014LN,Zwolle,Zwolle,Overijssel,VBO,6.119173,52.483823
Rietbergmate,23,,,8014LN,Zwolle,Zwolle,Overijssel,VBO,6.119119,52.483791
Rietbergmate,25,,,8014LN,Zwolle,Zwolle,Overijssel,VBO,6.119050,52.483761
Rietbergmate,27,,,8014LN,Zwolle,Zwolle,Overijssel,VBO,6.118979,52.483728
Rietbergmate,29,,,8014LN,Zwolle,Zwolle,Overijssel,VBO,6.118934,52.483677
Rietbergmate,30,,,8014LN,Zwolle,Zwolle,Overijssel,VBO,6.118835,52.484000
Rietbergmate,31,,,8014LN,Zwolle,Zwolle,Overijssel,VBO,6.118871,52.483648
Rietbergmate,33,,,8014LN,Zwolle,Zwolle,Overijssel,VBO,6.118809,52.483615
Radenlaan,57,,,8014LP,Zwolle,Zwolle,Overijssel,VBO,6.118427,52.483134
Radenlaan,59,,,8014LP,Zwolle,Zwolle,Overijssel,VBO,6.118346,52.483141
Radenlaan,61,,,8014LP,Zwolle,Zwolle,Overijssel,VBO,6.118262,52.483153
Radenlaan,63,,,8014LP,Zwolle,Zwolle,Overijssel,VBO,6.118173,52.483165
Radenlaan,65,,,8014LP,Zwolle,Zwolle,Overijssel,VBO,6.118112,52.483176
Radenlaan,67,,,8014LP,Zwolle,Zwolle,Overijssel,VBO,6.117928,52.483147
Radenlaan,69,,,8014LP,Zwolle,Zwolle,Overijssel,VBO,6.117876,52.483123
Radenlaan,71,,,8014LP,Zwolle,Zwolle,Overijssel,VBO,6.117804,52.483096
Radenlaan,73,,,8014LP,Zwolle,Zwolle,Overijssel,VBO,6.117729,52.483066
Radenlaan,75,,,8014LP,Zwolle,Zwolle,Overijssel,VBO,6.117651,52.483037
Radenlaan,77,,,8014LP,Zwolle,Zwolle,Overijssel,VBO,6.117588,52.483016
Radenlaan,79,,,8014LP,Zwolle,Zwolle,Overijssel,VBO,6.117540,52.482971
Radenlaan,81,,,8014LP,Zwolle,Zwolle,Overijssel,VBO,6.117473,52.482941
Radenlaan,83,,,8014LP,Zwolle,Zwolle,Overijssel,VBO,6.117402,52.482917
Huetemate,1,,,8014LR,Zwolle,Zwolle,Overijssel,VBO,6.117334,52.482765
Huetemate,3,,,8014LR,Zwolle,Zwolle,Overijssel,VBO,6.117378,52.482730
Huetemate,5,,,8014LR,Zwolle,Zwolle,Overijssel,VBO,6.117420,52.482688
Huetemate,7,,,8014LR,Zwolle,Zwolle,Overijssel,VBO,6.117461,52.482647
Huetemate,9,,,8014LR,Zwolle,Zwolle,Overijssel,VBO,6.117497,52.482596
Huetemate,11,,,8014LR,Zwolle,Zwolle,Overijssel,VBO,6.117552,52.482564
Huetemate,13,,,8014LR,Zwolle,Zwolle,Overijssel,VBO,6.117596,52.482522
Huetemate,15,,,8014LR,Zwolle,Zwolle,Overijssel,VBO,6.117635,52.482480
Huetemate,17,,,8014LR,Zwolle,Zwolle,Overijssel,VBO,6.117669,52.482433
Huetemate,19,,,8014LR,Zwolle,Zwolle,Overijssel,VBO,6.117753,52.482304
Huetemate,21,,,8014LR,Zwolle,Zwolle,Overijssel,VBO,6.117805,52.482269
Huetemate,23,,,8014LR,Zwolle,Zwolle,Overijssel,VBO,6.117845,52.482227
Huetemate,25,,,8014LR,Zwolle,Zwolle,Overijssel,VBO,6.117893,52.482183
Huetemate,27,,,8014LR,Zwolle,Zwolle,Overijssel,VBO,6.117933,52.482142
Huetemate,29,,,8014LR,Zwolle,Zwolle,Overijssel,VBO,6.117974,52.482097
Huetemate,31,,,8014LR,Zwolle,Zwolle,Overijssel,VBO,6.118042,52.482071
Huetemate,33,,,8014LR,Zwolle,Zwolle,Overijssel,VBO,6.118095,52.482030
Huetemate,35,,,8014LR,Zwolle,Zwolle,Overijssel,VBO,6.118137,52.481993
Huetemate,37,,,8014LR,Zwolle,Zwolle,Overijssel,VBO,6.118173,52.481945
Huetemate,39,,,8014LR,Zwolle,Zwolle,Overijssel,VBO,6.118201,52.481875
Huetemate,41,,,8014LR,Zwolle,Zwolle,Overijssel,VBO,6.118242,52.481833
Huetemate,43,,,8014LR,Zwolle,Zwolle,Overijssel,VBO,6.118312,52.481803
Huetemate,45,,,8014LS,Zwolle,Zwolle,Overijssel,VBO,6.118377,52.481767
Huetemate,47,,,8014LS,Zwolle,Zwolle,Overijssel,VBO,6.118420,52.481727
Huetemate,49,,,8014LS,Zwolle,Zwolle,Overijssel,VBO,6.118444,52.481682
Huetemate,51,,,8014LS,Zwolle,Zwolle,Overijssel,VBO,6.118454,52.481630
Huetemate,53,,,8014LS,Zwolle,Zwolle,Overijssel,VBO,6.118516,52.481593
Huetemate,55,,,8014LS,Zwolle,Zwolle,Overijssel,VBO,6.118555,52.481550
Huetemate,57,,,8014LS,Zwolle,Zwolle,Overijssel,VBO,6.118600,52.481513
Huetemate,59,,,8014LS,Zwolle,Zwolle,Overijssel,VBO,6.118773,52.481334
Huetemate,61,,,8014LS,Zwolle,Zwolle,Overijssel,VBO,6.118841,52.481362
Huetemate,63,,,8014LS,Zwolle,Zwolle,Overijssel,VBO,6.118911,52.481391
Huetemate,65,,,8014LS,Zwolle,Zwolle,Overijssel,VBO,6.118996,52.481396
Huetemate,67,,,8014LS,Zwolle,Zwolle,Overijssel,VBO,6.119061,52.481423
Huetemate,69,,,8014LS,Zwolle,Zwolle,Overijssel,VBO,6.119130,52.481453
Huetemate,71,,,8014LS,Zwolle,Zwolle,Overijssel,VBO,6.119199,52.481476
Huetemate,73,,,8014LS,Zwolle,Zwolle,Overijssel,VBO,6.119244,52.481519
Huetemate,75,,,8014LS,Zwolle,Zwolle,Overijssel,VBO,6.119316,52.481553
Huetemate,77,,,8014LS,Zwolle,Zwolle,Overijssel,VBO,6.119383,52.481568
Sandbergmate,2,,,8014MA,Zwolle,Zwolle,Overijssel,VBO,6.117790,52.484928
Sandbergmate,4,,,8014MA,Zwolle,Zwolle,Overijssel,VBO,6.117709,52.484968
Sandbergmate,6,,,8014MA,Zwolle,Zwolle,Overijssel,VBO,6.117649,52.484996
Sandbergmate,8,,,8014MA,Zwolle,Zwolle,Overijssel,VBO,6.117582,52.485024
Sandbergmate,10,,,8014MA,Zwolle,Zwolle,Overijssel,VBO,6.117510,52.485055
Sandbergmate,12,,,8014MA,Zwolle,Zwolle,Overijssel,VBO,6.117467,52.485111
Sandbergmate,14,,,8014MA,Zwolle,Zwolle,Overijssel,VBO,6.117393,52.485141
Sandbergmate,16,A,,8014MA,Zwolle,Zwolle,Overijssel,VBO,6.117023,52.485331
Sandbergmate,16,,,8014MA,Zwolle,Zwolle,Overijssel,VBO,6.117301,52.485160
Sandbergmate,18,,,8014MA,Zwolle,Zwolle,Overijssel,VBO,6.116397,52.484842
Sandbergmate,20,,,8014MA,Zwolle,Zwolle,Overijssel,VBO,6.116446,52.484796
Sandbergmate,22,,,8014MA,Zwolle,Zwolle,Overijssel,VBO,6.116494,52.484751
Sandbergmate,24,,,8014MA,Zwolle,Zwolle,Overijssel,VBO,6.116541,52.484704
Sandbergmate,26,,,8014MA,Zwolle,Zwolle,Overijssel,VBO,6.116590,52.484665
Sandbergmate,1,,,8014MB,Zwolle,Zwolle,Overijssel,VBO,6.118440,52.484746
Sandbergmate,3,,,8014MB,Zwolle,Zwolle,Overijssel,VBO,6.118351,52.484759
Sandbergmate,5,,,8014MB,Zwolle,Zwolle,Overijssel,VBO,6.118272,52.484781
Sandbergmate,7,,,8014MB,Zwolle,Zwolle,Overijssel,VBO,6.118068,52.484771
Sandbergmate,9,,,8014MB,Zwolle,Zwolle,Overijssel,VBO,6.117992,52.484742
Sandbergmate,11,,,8014MB,Zwolle,Zwolle,Overijssel,VBO,6.117913,52.484718
Sandbergmate,13,,,8014MB,Zwolle,Zwolle,Overijssel,VBO,6.117811,52.484625
Sandbergmate,15,,,8014MB,Zwolle,Zwolle,Overijssel,VBO,6.117809,52.484571
Sandbergmate,17,,,8014MB,Zwolle,Zwolle,Overijssel,VBO,6.117796,52.484516
Sandbergmate,19,,,8014MB,Zwolle,Zwolle,Overijssel,VBO,6.117765,52.484468
Sandbergmate,21,,,8014MB,Zwolle,Zwolle,Overijssel,VBO,6.117586,52.484248
Sandbergmate,23,,,8014MB,Zwolle,Zwolle,Overijssel,VBO,6.117557,52.484304
Sandbergmate,25,,,8014MB,Zwolle,Zwolle,Overijssel,VBO,6.117552,52.484360
Sandbergmate,27,,,8014MB,Zwolle,Zwolle,Overijssel,VBO,6.117514,52.484517
Sandbergmate,29,,,8014MB,Zwolle,Zwolle,Overijssel,VBO,6.117528,52.484575
Sandbergmate,31,,,8014MB,Zwolle,Zwolle,Overijssel,VBO,6.117551,52.484625
Sandbergmate,33,,,8014MC,Zwolle,Zwolle,Overijssel,VBO,6.117738,52.484756
Sandbergmate,35,,,8014MC,Zwolle,Zwolle,Overijssel,VBO,6.117660,52.484783
Sandbergmate,37,,,8014MC,Zwolle,Zwolle,Overijssel,VBO,6.117573,52.484802
Sandbergmate,39,,,8014MC,Zwolle,Zwolle,Overijssel,VBO,6.117504,52.484832
Sandbergmate,41,,,8014MC,Zwolle,Zwolle,Overijssel,VBO,6.117433,52.484860
Sandbergmate,43,,,8014MC,Zwolle,Zwolle,Overijssel,VBO,6.117367,52.484889
Sandbergmate,45,,,8014MC,Zwolle,Zwolle,Overijssel,VBO,6.117296,52.484918
Sandbergmate,47,,,8014MC,Zwolle,Zwolle,Overijssel,VBO,6.117221,52.484947
Sandbergmate,49,,,8014MC,Zwolle,Zwolle,Overijssel,VBO,6.117139,52.484978
Sandbergmate,51,,,8014MC,Zwolle,Zwolle,Overijssel,VBO,6.116875,52.484886
Sandbergmate,53,,,8014MC,Zwolle,Zwolle,Overijssel,VBO,6.116814,52.484851
Sandbergmate,55,,,8014MC,Zwolle,Zwolle,Overijssel,VBO,6.116737,52.484822
Sandbergmate,57,,,8014MC,Zwolle,Zwolle,Overijssel,VBO,6.116978,52.484696
Sandbergmate,59,,,8014MC,Zwolle,Zwolle,Overijssel,VBO,6.117049,52.484673
Sandbergmate,61,,,8014MC,Zwolle,Zwolle,Overijssel,VBO,6.117119,52.484632
Sandbergmate,63,,,8014MC,Zwolle,Zwolle,Overijssel,VBO,6.117179,52.484588
Westenbergmate,2,,,8014MD,Zwolle,Zwolle,Overijssel,VBO,6.117556,52.484131
Westenbergmate,4,,,8014MD,Zwolle,Zwolle,Overijssel,VBO,6.117489,52.484090
Westenbergmate,6,,,8014MD,Zwolle,Zwolle,Overijssel,VBO,6.117433,52.484049
Westenbergmate,8,,,8014MD,Zwolle,Zwolle,Overijssel,VBO,6.117172,52.483946
Westenbergmate,10,,,8014MD,Zwolle,Zwolle,Overijssel,VBO,6.117131,52.483982
Westenbergmate,12,,,8014MD,Zwolle,Zwolle,Overijssel,VBO,6.117056,52.484023
Westenbergmate,14,,,8014MD,Zwolle,Zwolle,Overijssel,VBO,6.116979,52.484063
Westenbergmate,16,,,8014MD,Zwolle,Zwolle,Overijssel,VBO,6.116895,52.484086
Westenbergmate,18,,,8014MD,Zwolle,Zwolle,Overijssel,VBO,6.116720,52.484232
Westenbergmate,20,,,8014MD,Zwolle,Zwolle,Overijssel,VBO,6.116782,52.484268
Westenbergmate,22,,,8014MD,Zwolle,Zwolle,Overijssel,VBO,6.116845,52.484309
Westenbergmate,24,,,8014MD,Zwolle,Zwolle,Overijssel,VBO,6.116906,52.484350
Westenbergmate,26,,,8014MD,Zwolle,Zwolle,Overijssel,VBO,6.116985,52.484377
Westenbergmate,28,,,8014MD,Zwolle,Zwolle,Overijssel,VBO,6.117036,52.484411
Westenbergmate,30,,,8014MD,Zwolle,Zwolle,Overijssel,VBO,6.117072,52.484445
Westenbergmate,32,,,8014MD,Zwolle,Zwolle,Overijssel,VBO,6.116862,52.484543
Westenbergmate,34,,,8014MD,Zwolle,Zwolle,Overijssel,VBO,6.116790,52.484518
Westenbergmate,36,,,8014MD,Zwolle,Zwolle,Overijssel,VBO,6.116719,52.484489
Westenbergmate,38,,,8014MD,Zwolle,Zwolle,Overijssel,VBO,6.116638,52.484460
Westenbergmate,40,,,8014MD,Zwolle,Zwolle,Overijssel,VBO,6.116570,52.484429
Westenbergmate,1,,,8014ME,Zwolle,Zwolle,Overijssel,VBO,6.118056,52.483618
Westenbergmate,3,,,8014ME,Zwolle,Zwolle,Overijssel,VBO,6.117989,52.483667
Westenbergmate,5,,,8014ME,Zwolle,Zwolle,Overijssel,VBO,6.117941,52.483708
Westenbergmate,7,,,8014ME,Zwolle,Zwolle,Overijssel,VBO,6.117888,52.483749
Westenbergmate,9,,,8014ME,Zwolle,Zwolle,Overijssel,VBO,6.117835,52.483790
Westenbergmate,11,,,8014ME,Zwolle,Zwolle,Overijssel,VBO,6.117789,52.483830
Westenbergmate,13,,,8014ME,Zwolle,Zwolle,Overijssel,VBO,6.117736,52.483871
Westenbergmate,15,,,8014ME,Zwolle,Zwolle,Overijssel,VBO,6.117681,52.483920
Westenbergmate,17,,,8014ME,Zwolle,Zwolle,Overijssel,VBO,6.117434,52.483824
Westenbergmate,19,,,8014ME,Zwolle,Zwolle,Overijssel,VBO,6.117372,52.483791
Westenbergmate,21,,,8014ME,Zwolle,Zwolle,Overijssel,VBO,6.117287,52.483749
Westenbergmate,23,,,8014ME,Zwolle,Zwolle,Overijssel,VBO,6.117212,52.483726
Westenbergmate,25,,,8014ME,Zwolle,Zwolle,Overijssel,VBO,6.117045,52.483678
Westenbergmate,27,,,8014ME,Zwolle,Zwolle,Overijssel,VBO,6.116980,52.483713
Westenbergmate,29,,,8014ME,Zwolle,Zwolle,Overijssel,VBO,6.116931,52.483760
Westenbergmate,31,,,8014ME,Zwolle,Zwolle,Overijssel,VBO,6.116885,52.483804
Westenbergmate,33,,,8014ME,Zwolle,Zwolle,Overijssel,VBO,6.116825,52.483852
Westenbergmate,35,,,8014ME,Zwolle,Zwolle,Overijssel,VBO,6.116783,52.483896
Westenbergmate,37,,,8014ME,Zwolle,Zwolle,Overijssel,VBO,6.116748,52.483954
Westenbergmate,39,,,8014ME,Zwolle,Zwolle,Overijssel,VBO,6.116695,52.483994
Westenbergmate,41,,,8014ME,Zwolle,Zwolle,Overijssel,VBO,6.116647,52.484038
Westenbergmate,43,,,8014ME,Zwolle,Zwolle,Overijssel,VBO,6.116594,52.484090
Westenbergmate,45,,,8014ME,Zwolle,Zwolle,Overijssel,VBO,6.116546,52.484138
Westenbergmate,47,,,8014ME,Zwolle,Zwolle,Overijssel,VBO,6.116515,52.484174
Westenbergmate,49,,,8014MG,Zwolle,Zwolle,Overijssel,VBO,6.116312,52.484308
Westenbergmate,51,,,8014MG,Zwolle,Zwolle,Overijssel,VBO,6.116253,52.484283
Westenbergmate,53,,,8014MG,Zwolle,Zwolle,Overijssel,VBO,6.116166,52.484252
Westenbergmate,55,,,8014MG,Zwolle,Zwolle,Overijssel,VBO,6.116086,52.484217
Westenbergmate,57,,,8014MG,Zwolle,Zwolle,Overijssel,VBO,6.115823,52.484164
Westenbergmate,59,,,8014MG,Zwolle,Zwolle,Overijssel,VBO,6.115874,52.484126
Westenbergmate,61,,,8014MG,Zwolle,Zwolle,Overijssel,VBO,6.115928,52.484079
Westenbergmate,63,,,8014MG,Zwolle,Zwolle,Overijssel,VBO,6.115974,52.484036
Westenbergmate,65,,,8014MG,Zwolle,Zwolle,Overijssel,VBO,6.116022,52.483990
Westenbergmate,67,,,8014MG,Zwolle,Zwolle,Overijssel,VBO,6.116063,52.483946
Westenbergmate,69,,,8014MG,Zwolle,Zwolle,Overijssel,VBO,6.116153,52.483914
Westenbergmate,71,,,8014MG,Zwolle,Zwolle,Overijssel,VBO,6.116189,52.483877
Westenbergmate,73,,,8014MG,Zwolle,Zwolle,Overijssel,VBO,6.116230,52.483834
Westenbergmate,75,,,8014MG,Zwolle,Zwolle,Overijssel,VBO,6.116280,52.483790
Westenbergmate,77,,,8014MG,Zwolle,Zwolle,Overijssel,VBO,6.116329,52.483743
Westenbergmate,79,,,8014MG,Zwolle,Zwolle,Overijssel,VBO,6.116375,52.483703
Westenbergmate,81,,,8014MG,Zwolle,Zwolle,Overijssel,VBO,6.116421,52.483662
Westenbergmate,83,,,8014MG,Zwolle,Zwolle,Overijssel,VBO,6.116464,52.483620
Westenbergmate,85,,,8014MG,Zwolle,Zwolle,Overijssel,VBO,6.116515,52.483571
Westenbergmate,87,,,8014MG,Zwolle,Zwolle,Overijssel,VBO,6.116554,52.483523
Westenbergmate,89,,,8014MH,Zwolle,Zwolle,Overijssel,VBO,6.116571,52.483461
Westenbergmate,91,,,8014MH,Zwolle,Zwolle,Overijssel,VBO,6.116629,52.483422
Westenbergmate,93,,,8014MH,Zwolle,Zwolle,Overijssel,VBO,6.116676,52.483376
Westenbergmate,95,,,8014MH,Zwolle,Zwolle,Overijssel,VBO,6.116719,52.483335
Westenbergmate,97,,,8014MH,Zwolle,Zwolle,Overijssel,VBO,6.116769,52.483288
Westenbergmate,99,,,8014MH,Zwolle,Zwolle,Overijssel,VBO,6.116815,52.483232
Westenbergmate,101,,,8014MH,Zwolle,Zwolle,Overijssel,VBO,6.117049,52.483337
Westenbergmate,103,,,8014MH,Zwolle,Zwolle,Overijssel,VBO,6.117140,52.483367
Westenbergmate,105,,,8014MH,Zwolle,Zwolle,Overijssel,VBO,6.117243,52.483375
Westenbergmate,107,,,8014MH,Zwolle,Zwolle,Overijssel,VBO,6.117309,52.483402
Westenbergmate,109,,,8014MH,Zwolle,Zwolle,Overijssel,VBO,6.117386,52.483430
Westenbergmate,111,,,8014MH,Zwolle,Zwolle,Overijssel,VBO,6.117424,52.483467
Westenbergmate,113,,,8014MH,Zwolle,Zwolle,Overijssel,VBO,6.117548,52.483470
Westenbergmate,115,,,8014MH,Zwolle,Zwolle,Overijssel,VBO,6.117638,52.483503
Westenbergmate,117,,,8014MH,Zwolle,Zwolle,Overijssel,VBO,6.117709,52.483532
Westenbergmate,119,,,8014MH,Zwolle,Zwolle,Overijssel,VBO,6.117766,52.483558
Haeckmate,2,,,8014MJ,Zwolle,Zwolle,Overijssel,VBO,6.118828,52.482763
Haeckmate,4,,,8014MJ,Zwolle,Zwolle,Overijssel,VBO,6.118752,52.482739
Haeckmate,6,,,8014MJ,Zwolle,Zwolle,Overijssel,VBO,6.118386,52.482833
Haeckmate,8,,,8014MJ,Zwolle,Zwolle,Overijssel,VBO,6.118320,52.482811
Haeckmate,10,,,8014MJ,Zwolle,Zwolle,Overijssel,VBO,6.118254,52.482786
Haeckmate,12,,,8014MJ,Zwolle,Zwolle,Overijssel,VBO,6.118189,52.482762
Haeckmate,14,,,8014MJ,Zwolle,Zwolle,Overijssel,VBO,6.118119,52.482735
Haeckmate,16,,,8014MJ,Zwolle,Zwolle,Overijssel,VBO,6.118054,52.482707
Haeckmate,18,,,8014MJ,Zwolle,Zwolle,Overijssel,VBO,6.117988,52.482680
Haeckmate,20,,,8014MJ,Zwolle,Zwolle,Overijssel,VBO,6.117911,52.482647
Haeckmate,22,,,8014MJ,Zwolle,Zwolle,Overijssel,VBO,6.118314,52.482556
Haeckmate,24,,,8014MJ,Zwolle,Zwolle,Overijssel,VBO,6.118359,52.482519
Haeckmate,26,,,8014MJ,Zwolle,Zwolle,Overijssel,VBO,6.118399,52.482474
Haeckmate,28,,,8014MJ,Zwolle,Zwolle,Overijssel,VBO,6.118447,52.482433
Haeckmate,30,,,8014MJ,Zwolle,Zwolle,Overijssel,VBO,6.118470,52.482383
Haeckmate,32,,,8014MJ,Zwolle,Zwolle,Overijssel,VBO,6.118512,52.482346
Haeckmate,34,,,8014MJ,Zwolle,Zwolle,Overijssel,VBO,6.118556,52.482302
Haeckmate,36,,,8014MJ,Zwolle,Zwolle,Overijssel,VBO,6.118600,52.482261
Haeckmate,38,,,8014MJ,Zwolle,Zwolle,Overijssel,VBO,6.118642,52.482221
Haeckmate,40,,,8014MJ,Zwolle,Zwolle,Overijssel,VBO,6.118684,52.482179
Haeckmate,1,,,8014MK,Zwolle,Zwolle,Overijssel,VBO,6.119014,52.482597
Haeckmate,3,,,8014MK,Zwolle,Zwolle,Overijssel,VBO,6.118963,52.482569
Haeckmate,5,,,8014MK,Zwolle,Zwolle,Overijssel,VBO,6.118894,52.482542
Haeckmate,7,,,8014MK,Zwolle,Zwolle,Overijssel,VBO,6.118824,52.482513
Haeckmate,9,,,8014MK,Zwolle,Zwolle,Overijssel,VBO,6.118758,52.482485
Haeckmate,11,,,8014MK,Zwolle,Zwolle,Overijssel,VBO,6.118686,52.482452
Haeckmate,13,,,8014MK,Zwolle,Zwolle,Overijssel,VBO,6.119082,52.482068
Haeckmate,15,,,8014MK,Zwolle,Zwolle,Overijssel,VBO,6.119152,52.482102
Haeckmate,17,,,8014MK,Zwolle,Zwolle,Overijssel,VBO,6.119228,52.482129
Haeckmate,19,,,8014MK,Zwolle,Zwolle,Overijssel,VBO,6.119300,52.482157
Haeckmate,21,,,8014MK,Zwolle,Zwolle,Overijssel,VBO,6.119373,52.482182
Haeckmate,23,,,8014MK,Zwolle,Zwolle,Overijssel,VBO,6.119435,52.482190
Haeckmate,25,,,8014MK,Zwolle,Zwolle,Overijssel,VBO,6.119762,52.482266
Haeckmate,27,,,8014MK,Zwolle,Zwolle,Overijssel,VBO,6.119724,52.482300
Haeckmate,29,,,8014MK,Zwolle,Zwolle,Overijssel,VBO,6.119671,52.482350
Haeckmate,31,,,8014MK,Zwolle,Zwolle,Overijssel,VBO,6.119629,52.482390
Haeckmate,33,,,8014MK,Zwolle,Zwolle,Overijssel,VBO,6.119583,52.482437
Haeckmate,35,,,8014MK,Zwolle,Zwolle,Overijssel,VBO,6.119550,52.482473
Haeckmate,37,,,8014MK,Zwolle,Zwolle,Overijssel,VBO,6.119478,52.482538
Haeckmate,39,,,8014MK,Zwolle,Zwolle,Overijssel,VBO,6.119438,52.482576
Haeckmate,41,,,8014MK,Zwolle,Zwolle,Overijssel,VBO,6.119391,52.482620
Haeckmate,43,,,8014MK,Zwolle,Zwolle,Overijssel,VBO,6.119345,52.482664
Haeckmate,45,,,8014MK,Zwolle,Zwolle,Overijssel,VBO,6.119305,52.482708
Haeckmate,47,,,8014MK,Zwolle,Zwolle,Overijssel,VBO,6.119264,52.482749
Haeckmate,42,,,8014ML,Zwolle,Zwolle,Overijssel,VBO,6.118739,52.482121
Haeckmate,44,,,8014ML,Zwolle,Zwolle,Overijssel,VBO,6.118786,52.482082
Haeckmate,46,,,8014ML,Zwolle,Zwolle,Overijssel,VBO,6.118832,52.482041
Haeckmate,48,,,8014ML,Zwolle,Zwolle,Overijssel,VBO,6.118873,52.481999
Haeckmate,50,,,8014ML,Zwolle,Zwolle,Overijssel,VBO,6.118915,52.481957
Haeckmate,52,,,8014ML,Zwolle,Zwolle,Overijssel,VBO,6.118960,52.481915
Haeckmate,54,,,8014ML,Zwolle,Zwolle,Overijssel,VBO,6.119026,52.481880
Haeckmate,56,,,8014ML,Zwolle,Zwolle,Overijssel,VBO,6.119060,52.481838
Haeckmate,58,,,8014ML,Zwolle,Zwolle,Overijssel,VBO,6.119106,52.481796
Haeckmate,60,,,8014ML,Zwolle,Zwolle,Overijssel,VBO,6.119149,52.481757
Haeckmate,62,,,8014MN,Zwolle,Zwolle,Overijssel,VBO,6.119841,52.481549
Haeckmate,64,,,8014MN,Zwolle,Zwolle,Overijssel,VBO,6.119821,52.481594
Haeckmate,66,,,8014MN,Zwolle,Zwolle,Overijssel,VBO,6.119777,52.481637
Haeckmate,68,,,8014MN,Zwolle,Zwolle,Overijssel,VBO,6.119733,52.481677
Haeckmate,70,,,8014MN,Zwolle,Zwolle,Overijssel,VBO,6.119689,52.481717
Haeckmate,72,,,8014MN,Zwolle,Zwolle,Overijssel,VBO,6.119625,52.481756
Haeckmate,74,,,8014MN,Zwolle,Zwolle,Overijssel,VBO,6.119367,52.481891
Haeckmate,76,,,8014MN,Zwolle,Zwolle,Overijssel,VBO,6.119438,52.481923
Haeckmate,78,,,8014MN,Zwolle,Zwolle,Overijssel,VBO,6.119508,52.481954
Haeckmate,80,,,8014MN,Zwolle,Zwolle,Overijssel,VBO,6.119575,52.481982
Haeckmate,82,,,8014MN,Zwolle,Zwolle,Overijssel,VBO,6.119627,52.482004
Haeckmate,84,,,8014MN,Zwolle,Zwolle,Overijssel,VBO,6.119942,52.482118
Haeckmate,86,,,8014MN,Zwolle,Zwolle,Overijssel,VBO,6.119982,52.482077
Haeckmate,88,,,8014MN,Zwolle,Zwolle,Overijssel,VBO,6.120025,52.482036
Haeckmate,90,,,8014MN,Zwolle,Zwolle,Overijssel,VBO,6.120070,52.481992
Haeckmate,92,,,8014MN,Zwolle,Zwolle,Overijssel,VBO,6.120118,52.481949
Haeckmate,94,,,8014MN,Zwolle,Zwolle,Overijssel,VBO,6.120317,52.482093
Haeckmate,96,,,8014MN,Zwolle,Zwolle,Overijssel,VBO,6.120446,52.482142
Haeckmate,98,,,8014MN,Zwolle,Zwolle,Overijssel,VBO,6.120143,52.482275
Haeckmate,100,,,8014MN,Zwolle,Zwolle,Overijssel,VBO,6.120122,52.482324
Haeckmate,102,,,8014MN,Zwolle,Zwolle,Overijssel,VBO,6.120083,52.482368
Haeckmate,104,,,8014MN,Zwolle,Zwolle,Overijssel,VBO,6.120036,52.482407
Haeckmate,106,,,8014MN,Zwolle,Zwolle,Overijssel,VBO,6.119992,52.482448
Haeckmate,108,,,8014MN,Zwolle,Zwolle,Overijssel,VBO,6.119951,52.482490
Haeckmate,110,,,8014MN,Zwolle,Zwolle,Overijssel,VBO,6.119882,52.482525
Van Herwerdenmate,2,,,8014MR,Zwolle,Zwolle,Overijssel,VBO,6.120832,52.482554
Van Herwerdenmate,4,,,8014MR,Zwolle,Zwolle,Overijssel,VBO,6.120829,52.482513
Van Herwerdenmate,6,,,8014MR,Zwolle,Zwolle,Overijssel,VBO,6.120846,52.482461
Van Herwerdenmate,8,,,8014MR,Zwolle,Zwolle,Overijssel,VBO,6.120859,52.482414
Van Herwerdenmate,10,,,8014MR,Zwolle,Zwolle,Overijssel,VBO,6.120875,52.482366
Van Herwerdenmate,12,,,8014MR,Zwolle,Zwolle,Overijssel,VBO,6.120888,52.482317
Van Herwerdenmate,14,,,8014MR,Zwolle,Zwolle,Overijssel,VBO,6.120899,52.482272
Van Herwerdenmate,16,,,8014MR,Zwolle,Zwolle,Overijssel,VBO,6.120914,52.482219
Stickerbelt,2,,,8014NA,Zwolle,Zwolle,Overijssel,VBO,6.112096,52.493942
Stickerbelt,4,,,8014NA,Zwolle,Zwolle,Overijssel,VBO,6.112103,52.493891
Stickerbelt,6,,,8014NA,Zwolle,Zwolle,Overijssel,VBO,6.112123,52.493846
Stickerbelt,8,,,8014NA,Zwolle,Zwolle,Overijssel,VBO,6.112142,52.493795
Stickerbelt,10,,,8014NA,Zwolle,Zwolle,Overijssel,VBO,6.112157,52.493745
Stickerbelt,12,,,8014NA,Zwolle,Zwolle,Overijssel,VBO,6.112170,52.493700
Stickerbelt,14,,,8014NA,Zwolle,Zwolle,Overijssel,VBO,6.112189,52.493650
Stickerbelt,16,,,8014NA,Zwolle,Zwolle,Overijssel,VBO,6.112203,52.493596
Stickerbelt,18,,,8014NA,Zwolle,Zwolle,Overijssel,VBO,6.111681,52.493521
Stickerbelt,20,,,8014NA,Zwolle,Zwolle,Overijssel,VBO,6.111690,52.493583
Stickerbelt,22,,,8014NA,Zwolle,Zwolle,Overijssel,VBO,6.111672,52.493635
Stickerbelt,24,,,8014NA,Zwolle,Zwolle,Overijssel,VBO,6.111656,52.493681
Stickerbelt,26,,,8014NA,Zwolle,Zwolle,Overijssel,VBO,6.111636,52.493728
Stickerbelt,28,,,8014NA,Zwolle,Zwolle,Overijssel,VBO,6.111616,52.493775
Stickerbelt,30,,,8014NA,Zwolle,Zwolle,Overijssel,VBO,6.111599,52.493825
Stickerbelt,32,,,8014NA,Zwolle,Zwolle,Overijssel,VBO,6.111560,52.493869
Verhoefbelt,1,,,8014NB,Zwolle,Zwolle,Overijssel,VBO,6.110650,52.492997
Verhoefbelt,3,,,8014NB,Zwolle,Zwolle,Overijssel,VBO,6.110448,52.492975
Verhoefbelt,5,,,8014NB,Zwolle,Zwolle,Overijssel,VBO,6.110251,52.492952
Verhoefbelt,7,,,8014NB,Zwolle,Zwolle,Overijssel,VBO,6.110057,52.492924
Verhoefbelt,9,,,8014NB,Zwolle,Zwolle,Overijssel,VBO,6.109869,52.492894
Verhoefbelt,11,,,8014NB,Zwolle,Zwolle,Overijssel,VBO,6.109685,52.492866
Verhoefbelt,13,,,8014NB,Zwolle,Zwolle,Overijssel,VBO,6.109485,52.492843
Verhoefbelt,15,,,8014NB,Zwolle,Zwolle,Overijssel,VBO,6.109294,52.492817
Verhoefbelt,17,,,8014NB,Zwolle,Zwolle,Overijssel,VBO,6.108878,52.492763
Verhoefbelt,19,,,8014NB,Zwolle,Zwolle,Overijssel,VBO,6.108692,52.492749
Verhoefbelt,21,,,8014NB,Zwolle,Zwolle,Overijssel,VBO,6.108510,52.492760
Verhoefbelt,23,,,8014NB,Zwolle,Zwolle,Overijssel,VBO,6.108320,52.492791
Verhoefbelt,25,,,8014NB,Zwolle,Zwolle,Overijssel,VBO,6.107885,52.492744
Verhoefbelt,27,,,8014NB,Zwolle,Zwolle,Overijssel,VBO,6.107754,52.492643
Verhoefbelt,29,,,8014NB,Zwolle,Zwolle,Overijssel,VBO,6.107452,52.492604
Verhoefbelt,31,,,8014NB,Zwolle,Zwolle,Overijssel,VBO,6.107528,52.492731
Verhoefbelt,33,,,8014NB,Zwolle,Zwolle,Overijssel,VBO,6.107624,52.492842
Verhoefbelt,35,,,8014NB,Zwolle,Zwolle,Overijssel,VBO,6.107978,52.492892
Verhoefbelt,37,,,8014NB,Zwolle,Zwolle,Overijssel,VBO,6.107965,52.492865
Verhoefbelt,39,,,8014NB,Zwolle,Zwolle,Overijssel,VBO,6.107857,52.492709
Verhoefbelt,41,,,8014NB,Zwolle,Zwolle,Overijssel,VBO,6.107476,52.492639
Verhoefbelt,43,,,8014NB,Zwolle,Zwolle,Overijssel,VBO,6.107550,52.492758
Verhoefbelt,45,,,8014NB,Zwolle,Zwolle,Overijssel,VBO,6.107642,52.492868
Verhoefbelt,47,,,8014NB,Zwolle,Zwolle,Overijssel,VBO,6.107947,52.492834
Verhoefbelt,49,,,8014NB,Zwolle,Zwolle,Overijssel,VBO,6.107832,52.492669
Verhoefbelt,51,,,8014NB,Zwolle,Zwolle,Overijssel,VBO,6.107496,52.492666
Verhoefbelt,53,,,8014NB,Zwolle,Zwolle,Overijssel,VBO,6.107577,52.492789
Verhoefbelt,55,,,8014NB,Zwolle,Zwolle,Overijssel,VBO,6.107673,52.492894
Verhoefbelt,57,,,8014NB,Zwolle,Zwolle,Overijssel,VBO,6.107932,52.492805
Verhoefbelt,59,,,8014NB,Zwolle,Zwolle,Overijssel,VBO,6.107812,52.492634
Verhoefbelt,61,,,8014NB,Zwolle,Zwolle,Overijssel,VBO,6.107519,52.492693
Verhoefbelt,63,,,8014NB,Zwolle,Zwolle,Overijssel,VBO,6.107603,52.492813
Verhoefbelt,65,,,8014NB,Zwolle,Zwolle,Overijssel,VBO,6.107702,52.492923
Stickerbelt,1,,,8014NC,Zwolle,Zwolle,Overijssel,VBO,6.111396,52.494374
Stickerbelt,3,,,8014NC,Zwolle,Zwolle,Overijssel,VBO,6.111473,52.494387
Stickerbelt,5,,,8014NC,Zwolle,Zwolle,Overijssel,VBO,6.111556,52.494398
Stickerbelt,7,,,8014NC,Zwolle,Zwolle,Overijssel,VBO,6.111636,52.494411
Stickerbelt,9,,,8014NC,Zwolle,Zwolle,Overijssel,VBO,6.111712,52.494423
Stickerbelt,11,,,8014NC,Zwolle,Zwolle,Overijssel,VBO,6.111797,52.494432
Stickerbelt,13,,,8014NC,Zwolle,Zwolle,Overijssel,VBO,6.111875,52.494444
Stickerbelt,15,,,8014NC,Zwolle,Zwolle,Overijssel,VBO,6.111956,52.494454
Stickerbelt,17,,,8014NC,Zwolle,Zwolle,Overijssel,VBO,6.112034,52.494464
Stickerbelt,19,,,8014NC,Zwolle,Zwolle,Overijssel,VBO,6.112087,52.494469
Stickerbelt,21,,,8014NC,Zwolle,Zwolle,Overijssel,VBO,6.111507,52.494064
Stickerbelt,23,,,8014NC,Zwolle,Zwolle,Overijssel,VBO,6.111591,52.494074
Stickerbelt,25,,,8014NC,Zwolle,Zwolle,Overijssel,VBO,6.111672,52.494085
Stickerbelt,27,,,8014NC,Zwolle,Zwolle,Overijssel,VBO,6.111752,52.494097
Stickerbelt,29,,,8014NC,Zwolle,Zwolle,Overijssel,VBO,6.111831,52.494105
Stickerbelt,31,,,8014NC,Zwolle,Zwolle,Overijssel,VBO,6.111909,52.494116
Stickerbelt,33,,,8014NC,Zwolle,Zwolle,Overijssel,VBO,6.111987,52.494126
Stickerbelt,35,,,8014NC,Zwolle,Zwolle,Overijssel,VBO,6.112063,52.494137
Stickerbelt,37,,,8014NC,Zwolle,Zwolle,Overijssel,VBO,6.112148,52.494147
Stickerbelt,39,,,8014NC,Zwolle,Zwolle,Overijssel,VBO,6.112204,52.494160
Stickerbelt,41,,,8014ND,Zwolle,Zwolle,Overijssel,VBO,6.112423,52.494069
Stickerbelt,43,,,8014ND,Zwolle,Zwolle,Overijssel,VBO,6.112446,52.494022
Stickerbelt,45,,,8014ND,Zwolle,Zwolle,Overijssel,VBO,6.112463,52.493972
Stickerbelt,47,,,8014ND,Zwolle,Zwolle,Overijssel,VBO,6.112476,52.493926
Stickerbelt,49,,,8014ND,Zwolle,Zwolle,Overijssel,VBO,6.112493,52.493880
Stickerbelt,51,,,8014ND,Zwolle,Zwolle,Overijssel,VBO,6.112512,52.493832
Stickerbelt,53,,,8014ND,Zwolle,Zwolle,Overijssel,VBO,6.112530,52.493782
Stickerbelt,55,,,8014ND,Zwolle,Zwolle,Overijssel,VBO,6.112547,52.493734
Stickerbelt,57,,,8014ND,Zwolle,Zwolle,Overijssel,VBO,6.112563,52.493687
Stickerbelt,59,,,8014ND,Zwolle,Zwolle,Overijssel,VBO,6.112579,52.493637
Stickerbelt,61,,,8014ND,Zwolle,Zwolle,Overijssel,VBO,6.112604,52.493588
Stickerbelt,63,,,8014ND,Zwolle,Zwolle,Overijssel,VBO,6.112619,52.493542
Stickerbelt,65,,,8014ND,Zwolle,Zwolle,Overijssel,VBO,6.112630,52.493496
Stickerbelt,67,,,8014ND,Zwolle,Zwolle,Overijssel,VBO,6.112635,52.493436
Stickerbelt,69,,,8014ND,Zwolle,Zwolle,Overijssel,VBO,6.112301,52.493410
Stickerbelt,71,,,8014ND,Zwolle,Zwolle,Overijssel,VBO,6.112247,52.493403
Stickerbelt,73,,,8014ND,Zwolle,Zwolle,Overijssel,VBO,6.112165,52.493392
Stickerbelt,75,,,8014ND,Zwolle,Zwolle,Overijssel,VBO,6.112091,52.493382
Stickerbelt,77,,,8014ND,Zwolle,Zwolle,Overijssel,VBO,6.112011,52.493370
Stickerbelt,79,,,8014ND,Zwolle,Zwolle,Overijssel,VBO,6.111933,52.493357
Stickerbelt,81,,,8014ND,Zwolle,Zwolle,Overijssel,VBO,6.111862,52.493347
Stickerbelt,83,,,8014ND,Zwolle,Zwolle,Overijssel,VBO,6.111759,52.493335
Oldermannenlaan,1,,,8014NE,Zwolle,Zwolle,Overijssel,VBO,6.109276,52.496027
Oldermannenlaan,3,,,8014NE,Zwolle,Zwolle,Overijssel,VBO,6.109269,52.495970
Oldermannenlaan,5,,,8014NE,Zwolle,Zwolle,Overijssel,VBO,6.109307,52.496029
Oldermannenlaan,7,,,8014NE,Zwolle,Zwolle,Overijssel,VBO,6.109300,52.495972
Oldermannenlaan,9,,,8014NE,Zwolle,Zwolle,Overijssel,VBO,6.109299,52.495912
Oldermannenlaan,11,,,8014NE,Zwolle,Zwolle,Overijssel,VBO,6.109338,52.496026
Oldermannenlaan,13,,,8014NE,Zwolle,Zwolle,Overijssel,VBO,6.109331,52.495970
Oldermannenlaan,15,,,8014NE,Zwolle,Zwolle,Overijssel,VBO,6.109328,52.495902
Oldermannenlaan,17,,,8014NE,Zwolle,Zwolle,Overijssel,VBO,6.109375,52.496017
Oldermannenlaan,19,,,8014NE,Zwolle,Zwolle,Overijssel,VBO,6.109368,52.495963
Oldermannenlaan,21,,,8014NE,Zwolle,Zwolle,Overijssel,VBO,6.109361,52.495894
Oldermannenlaan,23,,,8014NE,Zwolle,Zwolle,Overijssel,VBO,6.109243,52.495813
Oldermannenlaan,25,,,8014NE,Zwolle,Zwolle,Overijssel,VBO,6.109290,52.495868
Oldermannenlaan,27,,,8014NE,Zwolle,Zwolle,Overijssel,VBO,6.109270,52.495797
Oldermannenlaan,29,,,8014NE,Zwolle,Zwolle,Overijssel,VBO,6.109310,52.495854
Oldermannenlaan,31,,,8014NE,Zwolle,Zwolle,Overijssel,VBO,6.109297,52.495785
Oldermannenlaan,33,,,8014NE,Zwolle,Zwolle,Overijssel,VBO,6.109341,52.495842
Oldermannenlaan,35,,,8014NE,Zwolle,Zwolle,Overijssel,VBO,6.109328,52.495774
Oldermannenlaan,37,,,8014NE,Zwolle,Zwolle,Overijssel,VBO,6.109236,52.495762
Oldermannenlaan,39,,,8014NE,Zwolle,Zwolle,Overijssel,VBO,6.109255,52.495746
Oldermannenlaan,41,,,8014NE,Zwolle,Zwolle,Overijssel,VBO,6.109257,52.495702
Oldermannenlaan,43,,,8014NE,Zwolle,Zwolle,Overijssel,VBO,6.109288,52.495734
Oldermannenlaan,45,,,8014NE,Zwolle,Zwolle,Overijssel,VBO,6.109284,52.495685
Oldermannenlaan,47,,,8014NE,Zwolle,Zwolle,Overijssel,VBO,6.109325,52.495721
Oldermannenlaan,49,,,8014NE,Zwolle,Zwolle,Overijssel,VBO,6.109314,52.495665
Oldermannenlaan,51,,,8014NG,Zwolle,Zwolle,Overijssel,VBO,6.109202,52.495596
Oldermannenlaan,53,,,8014NG,Zwolle,Zwolle,Overijssel,VBO,6.109256,52.495652
Oldermannenlaan,55,,,8014NG,Zwolle,Zwolle,Overijssel,VBO,6.109227,52.495580
Oldermannenlaan,57,,,8014NG,Zwolle,Zwolle,Overijssel,VBO,6.109275,52.495633
Oldermannenlaan,59,,,8014NG,Zwolle,Zwolle,Overijssel,VBO,6.109256,52.495565
Oldermannenlaan,61,,,8014NG,Zwolle,Zwolle,Overijssel,VBO,6.109300,52.495621
Oldermannenlaan,63,,,8014NG,Zwolle,Zwolle,Overijssel,VBO,6.109299,52.495557
Oldermannenlaan,65,,,8014NG,Zwolle,Zwolle,Overijssel,VBO,6.109188,52.495545
Oldermannenlaan,67,,,8014NG,Zwolle,Zwolle,Overijssel,VBO,6.109203,52.495528
Oldermannenlaan,69,,,8014NG,Zwolle,Zwolle,Overijssel,VBO,6.109206,52.495485
Oldermannenlaan,71,,,8014NG,Zwolle,Zwolle,Overijssel,VBO,6.109230,52.495515
Oldermannenlaan,73,,,8014NG,Zwolle,Zwolle,Overijssel,VBO,6.109237,52.495466
Oldermannenlaan,75,,,8014NG,Zwolle,Zwolle,Overijssel,VBO,6.109263,52.495505
Oldermannenlaan,77,,,8014NG,Zwolle,Zwolle,Overijssel,VBO,6.109264,52.495449
Oldermannenlaan,79,,,8014NG,Zwolle,Zwolle,Overijssel,VBO,6.109145,52.495387
Oldermannenlaan,81,,,8014NG,Zwolle,Zwolle,Overijssel,VBO,6.109202,52.495434
Oldermannenlaan,83,,,8014NG,Zwolle,Zwolle,Overijssel,VBO,6.109172,52.495374
Oldermannenlaan,85,,,8014NG,Zwolle,Zwolle,Overijssel,VBO,6.109223,52.495422
Oldermannenlaan,87,,,8014NG,Zwolle,Zwolle,Overijssel,VBO,6.109208,52.495358
Oldermannenlaan,89,,,8014NG,Zwolle,Zwolle,Overijssel,VBO,6.109250,52.495410
Oldermannenlaan,91,,,8014NG,Zwolle,Zwolle,Overijssel,VBO,6.109243,52.495343
Oldermannenlaan,93,,,8014NH,Zwolle,Zwolle,Overijssel,VBO,6.109120,52.495302
Oldermannenlaan,95,,,8014NH,Zwolle,Zwolle,Overijssel,VBO,6.109155,52.495293
Oldermannenlaan,97,,,8014NH,Zwolle,Zwolle,Overijssel,VBO,6.109141,52.495242
Oldermannenlaan,99,,,8014NH,Zwolle,Zwolle,Overijssel,VBO,6.109194,52.495291
Oldermannenlaan,101,,,8014NH,Zwolle,Zwolle,Overijssel,VBO,6.109178,52.495236
Oldermannenlaan,103,,,8014NH,Zwolle,Zwolle,Overijssel,VBO,6.109227,52.495283
Oldermannenlaan,105,,,8014NH,Zwolle,Zwolle,Overijssel,VBO,6.109222,52.495231
Oldermannenlaan,107,,,8014NH,Zwolle,Zwolle,Overijssel,VBO,6.109071,52.495143
Oldermannenlaan,109,,,8014NH,Zwolle,Zwolle,Overijssel,VBO,6.109119,52.495195
Oldermannenlaan,111,,,8014NH,Zwolle,Zwolle,Overijssel,VBO,6.109100,52.495126
Oldermannenlaan,113,,,8014NH,Zwolle,Zwolle,Overijssel,VBO,6.109144,52.495178
Oldermannenlaan,115,,,8014NH,Zwolle,Zwolle,Overijssel,VBO,6.109129,52.495112
Oldermannenlaan,117,,,8014NH,Zwolle,Zwolle,Overijssel,VBO,6.109171,52.495164
Oldermannenlaan,119,,,8014NH,Zwolle,Zwolle,Overijssel,VBO,6.109168,52.495100
Oldermannenlaan,121,,,8014NH,Zwolle,Zwolle,Overijssel,VBO,6.109183,52.495150
Oldermannenlaan,123,,,8014NH,Zwolle,Zwolle,Overijssel,VBO,6.109060,52.495077
Oldermannenlaan,125,,,8014NH,Zwolle,Zwolle,Overijssel,VBO,6.109058,52.495032
Oldermannenlaan,127,,,8014NH,Zwolle,Zwolle,Overijssel,VBO,6.109089,52.495061
Oldermannenlaan,129,,,8014NH,Zwolle,Zwolle,Overijssel,VBO,6.109092,52.495015
Oldermannenlaan,131,,,8014NH,Zwolle,Zwolle,Overijssel,VBO,6.109112,52.495047
Oldermannenlaan,133,,,8014NH,Zwolle,Zwolle,Overijssel,VBO,6.109127,52.494998
Oldermannenlaan,135,,,8014NH,Zwolle,Zwolle,Overijssel,VBO,6.108972,52.494931
Oldermannenlaan,137,,,8014NH,Zwolle,Zwolle,Overijssel,VBO,6.109045,52.494979
Oldermannenlaan,139,,,8014NH,Zwolle,Zwolle,Overijssel,VBO,6.108999,52.494911
Oldermannenlaan,141,,,8014NJ,Zwolle,Zwolle,Overijssel,VBO,6.109064,52.494960
Oldermannenlaan,143,,,8014NJ,Zwolle,Zwolle,Overijssel,VBO,6.109028,52.494894
Oldermannenlaan,145,,,8014NJ,Zwolle,Zwolle,Overijssel,VBO,6.109085,52.494945
Oldermannenlaan,147,,,8014NJ,Zwolle,Zwolle,Overijssel,VBO,6.109067,52.494883
Oldermannenlaan,149,,,8014NJ,Zwolle,Zwolle,Overijssel,VBO,6.108922,52.494824
Oldermannenlaan,151,,,8014NJ,Zwolle,Zwolle,Overijssel,VBO,6.108981,52.494873
Oldermannenlaan,153,,,8014NJ,Zwolle,Zwolle,Overijssel,VBO,6.108949,52.494807
Oldermannenlaan,155,,,8014NJ,Zwolle,Zwolle,Overijssel,VBO,6.109004,52.494859
Oldermannenlaan,157,,,8014NJ,Zwolle,Zwolle,Overijssel,VBO,6.108984,52.494795
Oldermannenlaan,159,,,8014NJ,Zwolle,Zwolle,Overijssel,VBO,6.109033,52.494845
Oldermannenlaan,161,,,8014NJ,Zwolle,Zwolle,Overijssel,VBO,6.109015,52.494778
Oldermannenlaan,163,,,8014NJ,Zwolle,Zwolle,Overijssel,VBO,6.108872,52.494719
Oldermannenlaan,165,,,8014NJ,Zwolle,Zwolle,Overijssel,VBO,6.108941,52.494768
Oldermannenlaan,167,,,8014NJ,Zwolle,Zwolle,Overijssel,VBO,6.108908,52.494700
Oldermannenlaan,169,,,8014NJ,Zwolle,Zwolle,Overijssel,VBO,6.108969,52.494752
Oldermannenlaan,171,,,8014NJ,Zwolle,Zwolle,Overijssel,VBO,6.108941,52.494686
Oldermannenlaan,173,,,8014NJ,Zwolle,Zwolle,Overijssel,VBO,6.108998,52.494740
Oldermannenlaan,175,,,8014NJ,Zwolle,Zwolle,Overijssel,VBO,6.108966,52.494670
Oldermannenlaan,177,,,8014NK,Zwolle,Zwolle,Overijssel,VBO,6.108823,52.494635
Oldermannenlaan,179,,,8014NK,Zwolle,Zwolle,Overijssel,VBO,6.108848,52.494620
Oldermannenlaan,181,,,8014NK,Zwolle,Zwolle,Overijssel,VBO,6.108839,52.494574
Oldermannenlaan,183,,,8014NK,Zwolle,Zwolle,Overijssel,VBO,6.108873,52.494603
Oldermannenlaan,185,,,8014NK,Zwolle,Zwolle,Overijssel,VBO,6.108866,52.494553
Oldermannenlaan,187,,,8014NK,Zwolle,Zwolle,Overijssel,VBO,6.108907,52.494587
Oldermannenlaan,189,,,8014NK,Zwolle,Zwolle,Overijssel,VBO,6.108895,52.494531
Oldermannenlaan,191,,,8014NK,Zwolle,Zwolle,Overijssel,VBO,6.108734,52.494478
Oldermannenlaan,193,,,8014NK,Zwolle,Zwolle,Overijssel,VBO,6.108809,52.494523
Oldermannenlaan,195,,,8014NK,Zwolle,Zwolle,Overijssel,VBO,6.108763,52.494460
Oldermannenlaan,197,,,8014NK,Zwolle,Zwolle,Overijssel,VBO,6.108828,52.494505
Oldermannenlaan,199,,,8014NK,Zwolle,Zwolle,Overijssel,VBO,6.108790,52.494443
Oldermannenlaan,201,,,8014NK,Zwolle,Zwolle,Overijssel,VBO,6.108855,52.494491
Oldermannenlaan,203,,,8014NK,Zwolle,Zwolle,Overijssel,VBO,6.108827,52.494424
Oldermannenlaan,205,,,8014NL,Zwolle,Zwolle,Overijssel,VBO,6.108701,52.494424
Oldermannenlaan,207,,,8014NL,Zwolle,Zwolle,Overijssel,VBO,6.108730,52.494410
Oldermannenlaan,209,,,8014NL,Zwolle,Zwolle,Overijssel,VBO,6.108709,52.494367
Oldermannenlaan,211,,,8014NL,Zwolle,Zwolle,Overijssel,VBO,6.108751,52.494394
Oldermannenlaan,213,,,8014NL,Zwolle,Zwolle,Overijssel,VBO,6.108729,52.494351
Oldermannenlaan,215,,,8014NL,Zwolle,Zwolle,Overijssel,VBO,6.108781,52.494375
Oldermannenlaan,217,,,8014NL,Zwolle,Zwolle,Overijssel,VBO,6.108757,52.494331
Oldermannenlaan,219,,,8014NL,Zwolle,Zwolle,Overijssel,VBO,6.108605,52.494272
Oldermannenlaan,221,,,8014NL,Zwolle,Zwolle,Overijssel,VBO,6.108683,52.494317
Oldermannenlaan,223,,,8014NL,Zwolle,Zwolle,Overijssel,VBO,6.108639,52.494255
Oldermannenlaan,225,,,8014NL,Zwolle,Zwolle,Overijssel,VBO,6.108710,52.494299
Oldermannenlaan,227,,,8014NL,Zwolle,Zwolle,Overijssel,VBO,6.108674,52.494238
Oldermannenlaan,229,,,8014NL,Zwolle,Zwolle,Overijssel,VBO,6.108741,52.494281
Oldermannenlaan,231,,,8014NL,Zwolle,Zwolle,Overijssel,VBO,6.108703,52.494219
Meensliedenlaan,1,,,8014NM,Zwolle,Zwolle,Overijssel,VBO,6.110618,52.493249
Meensliedenlaan,3,,,8014NM,Zwolle,Zwolle,Overijssel,VBO,6.110564,52.493364
Meensliedenlaan,5,,,8014NM,Zwolle,Zwolle,Overijssel,VBO,6.110524,52.493484
Meensliedenlaan,7,,,8014NM,Zwolle,Zwolle,Overijssel,VBO,6.110472,52.493606
Meensliedenlaan,9,,,8014NM,Zwolle,Zwolle,Overijssel,VBO,6.110441,52.493728
Van Yrtebelt,2,,,8014NM,Zwolle,Zwolle,Overijssel,VBO,6.109518,52.494066
Van Yrtebelt,4,,,8014NM,Zwolle,Zwolle,Overijssel,VBO,6.109596,52.494065
Van Yrtebelt,6,,,8014NM,Zwolle,Zwolle,Overijssel,VBO,6.109682,52.494052
Van Yrtebelt,8,,,8014NM,Zwolle,Zwolle,Overijssel,VBO,6.109767,52.494037
Van Yrtebelt,10,,,8014NM,Zwolle,Zwolle,Overijssel,VBO,6.109842,52.494025
Van Yrtebelt,12,,,8014NM,Zwolle,Zwolle,Overijssel,VBO,6.109902,52.494004
Van Yrtebelt,14,,,8014NM,Zwolle,Zwolle,Overijssel,VBO,6.109678,52.494403
Van Yrtebelt,16,,,8014NM,Zwolle,Zwolle,Overijssel,VBO,6.109751,52.494378
Van Yrtebelt,18,,,8014NM,Zwolle,Zwolle,Overijssel,VBO,6.109827,52.494359
Van Yrtebelt,20,,,8014NM,Zwolle,Zwolle,Overijssel,VBO,6.109903,52.494347
Van Yrtebelt,22,,,8014NM,Zwolle,Zwolle,Overijssel,VBO,6.109985,52.494329
Van Yrtebelt,24,,,8014NM,Zwolle,Zwolle,Overijssel,VBO,6.110049,52.494330
Van Yrtebelt,28,,,8014NM,Zwolle,Zwolle,Overijssel,VBO,6.110026,52.494603
Van Yrtebelt,34,,,8014NM,Zwolle,Zwolle,Overijssel,VBO,6.110094,52.494988
Van Yrtebelt,36,,,8014NM,Zwolle,Zwolle,Overijssel,VBO,6.110181,52.494999
Van Yrtebelt,38,,,8014NM,Zwolle,Zwolle,Overijssel,VBO,6.110261,52.495012
Van Yrtebelt,40,,,8014NM,Zwolle,Zwolle,Overijssel,VBO,6.110338,52.495023
Van Yrtebelt,42,,,8014NM,Zwolle,Zwolle,Overijssel,VBO,6.110412,52.495035
Van Yrtebelt,44,,,8014NM,Zwolle,Zwolle,Overijssel,VBO,6.110493,52.495045
Van Yrtebelt,46,,,8014NM,Zwolle,Zwolle,Overijssel,VBO,6.110574,52.495055
Van Yrtebelt,48,,,8014NM,Zwolle,Zwolle,Overijssel,VBO,6.110628,52.495063
Van Yrtebelt,1,,,8014NN,Zwolle,Zwolle,Overijssel,VBO,6.109116,52.493886
Van Yrtebelt,3,,,8014NN,Zwolle,Zwolle,Overijssel,VBO,6.109076,52.493889
Van Yrtebelt,5,,,8014NN,Zwolle,Zwolle,Overijssel,VBO,6.109094,52.493939
Van Yrtebelt,7,,,8014NN,Zwolle,Zwolle,Overijssel,VBO,6.109043,52.493893
Van Yrtebelt,9,,,8014NN,Zwolle,Zwolle,Overijssel,VBO,6.109061,52.493944
Van Yrtebelt,11,,,8014NN,Zwolle,Zwolle,Overijssel,VBO,6.109008,52.493899
Van Yrtebelt,13,,,8014NN,Zwolle,Zwolle,Overijssel,VBO,6.109028,52.493950
Van Yrtebelt,15,,,8014NN,Zwolle,Zwolle,Overijssel,VBO,6.109110,52.493994
Van Yrtebelt,17,,,8014NN,Zwolle,Zwolle,Overijssel,VBO,6.109134,52.494044
Van Yrtebelt,19,,,8014NN,Zwolle,Zwolle,Overijssel,VBO,6.109070,52.494004
Van Yrtebelt,21,,,8014NN,Zwolle,Zwolle,Overijssel,VBO,6.109092,52.494053
Van Yrtebelt,23,,,8014NN,Zwolle,Zwolle,Overijssel,VBO,6.109025,52.494010
Van Yrtebelt,25,,,8014NN,Zwolle,Zwolle,Overijssel,VBO,6.109051,52.494061
Van Yrtebelt,27,,,8014NN,Zwolle,Zwolle,Overijssel,VBO,6.109149,52.493988
Van Yrtebelt,29,,,8014NN,Zwolle,Zwolle,Overijssel,VBO,6.109211,52.494113
Van Yrtebelt,31,,,8014NN,Zwolle,Zwolle,Overijssel,VBO,6.109180,52.494130
Van Yrtebelt,33,,,8014NN,Zwolle,Zwolle,Overijssel,VBO,6.109194,52.494175
Van Yrtebelt,35,,,8014NN,Zwolle,Zwolle,Overijssel,VBO,6.109147,52.494145
Van Yrtebelt,37,,,8014NN,Zwolle,Zwolle,Overijssel,VBO,6.109163,52.494197
Van Yrtebelt,39,,,8014NN,Zwolle,Zwolle,Overijssel,VBO,6.109112,52.494162
Van Yrtebelt,41,,,8014NN,Zwolle,Zwolle,Overijssel,VBO,6.109123,52.494207
Van Yrtebelt,43,,,8014NN,Zwolle,Zwolle,Overijssel,VBO,6.109289,52.494274
Van Yrtebelt,45,,,8014NN,Zwolle,Zwolle,Overijssel,VBO,6.109214,52.494227
Van Yrtebelt,47,,,8014NN,Zwolle,Zwolle,Overijssel,VBO,6.109243,52.494281
Van Yrtebelt,49,,,8014NN,Zwolle,Zwolle,Overijssel,VBO,6.109170,52.494234
Van Yrtebelt,51,,,8014NP,Zwolle,Zwolle,Overijssel,VBO,6.109202,52.494292
Van Yrtebelt,53,,,8014NP,Zwolle,Zwolle,Overijssel,VBO,6.109135,52.494244
Van Yrtebelt,55,,,8014NP,Zwolle,Zwolle,Overijssel,VBO,6.109161,52.494297
Van Yrtebelt,57,,,8014NP,Zwolle,Zwolle,Overijssel,VBO,6.109317,52.494321
Van Yrtebelt,59,,,8014NP,Zwolle,Zwolle,Overijssel,VBO,6.109284,52.494333
Van Yrtebelt,61,,,8014NP,Zwolle,Zwolle,Overijssel,VBO,6.109293,52.494385
Van Yrtebelt,63,,,8014NP,Zwolle,Zwolle,Overijssel,VBO,6.109250,52.494352
Van Yrtebelt,65,,,8014NP,Zwolle,Zwolle,Overijssel,VBO,6.109254,52.494398
Van Yrtebelt,67,,,8014NP,Zwolle,Zwolle,Overijssel,VBO,6.109211,52.494373
Van Yrtebelt,69,,,8014NP,Zwolle,Zwolle,Overijssel,VBO,6.109221,52.494418
Van Yrtebelt,71,,,8014NP,Zwolle,Zwolle,Overijssel,VBO,6.109321,52.494440
Van Yrtebelt,73,,,8014NP,Zwolle,Zwolle,Overijssel,VBO,6.109347,52.494494
Van Yrtebelt,75,,,8014NP,Zwolle,Zwolle,Overijssel,VBO,6.109282,52.494459
Van Yrtebelt,77,,,8014NP,Zwolle,Zwolle,Overijssel,VBO,6.109309,52.494512
Van Yrtebelt,79,,,8014NP,Zwolle,Zwolle,Overijssel,VBO,6.109252,52.494479
Van Yrtebelt,81,,,8014NP,Zwolle,Zwolle,Overijssel,VBO,6.109276,52.494528
Van Yrtebelt,83,,,8014NP,Zwolle,Zwolle,Overijssel,VBO,6.109386,52.494485
Van Yrtebelt,85,,,8014NP,Zwolle,Zwolle,Overijssel,VBO,6.109458,52.494580
Van Yrtebelt,87,,,8014NP,Zwolle,Zwolle,Overijssel,VBO,6.109412,52.494584
Van Yrtebelt,89,,,8014NP,Zwolle,Zwolle,Overijssel,VBO,6.109444,52.494641
Van Yrtebelt,91,,,8014NP,Zwolle,Zwolle,Overijssel,VBO,6.109361,52.494595
Van Yrtebelt,93,,,8014NP,Zwolle,Zwolle,Overijssel,VBO,6.109403,52.494650
Van Yrtebelt,95,,,8014NP,Zwolle,Zwolle,Overijssel,VBO,6.109315,52.494603
Van Yrtebelt,97,,,8014NP,Zwolle,Zwolle,Overijssel,VBO,6.109361,52.494654
Van Yrtebelt,99,,,8014NP,Zwolle,Zwolle,Overijssel,VBO,6.109546,52.494727
Van Yrtebelt,101,,,8014NR,Zwolle,Zwolle,Overijssel,VBO,6.109481,52.494687
Van Yrtebelt,103,,,8014NR,Zwolle,Zwolle,Overijssel,VBO,6.109508,52.494743
Van Yrtebelt,105,,,8014NR,Zwolle,Zwolle,Overijssel,VBO,6.109429,52.494696
Van Yrtebelt,107,,,8014NR,Zwolle,Zwolle,Overijssel,VBO,6.109467,52.494757
Van Yrtebelt,109,,,8014NR,Zwolle,Zwolle,Overijssel,VBO,6.109393,52.494710
Van Yrtebelt,111,,,8014NR,Zwolle,Zwolle,Overijssel,VBO,6.109439,52.494774
Van Yrtebelt,113,,,8014NR,Zwolle,Zwolle,Overijssel,VBO,6.109579,52.494778
Van Yrtebelt,115,,,8014NR,Zwolle,Zwolle,Overijssel,VBO,6.109538,52.494793
Van Yrtebelt,117,,,8014NR,Zwolle,Zwolle,Overijssel,VBO,6.109573,52.494845
Van Yrtebelt,119,,,8014NR,Zwolle,Zwolle,Overijssel,VBO,6.109500,52.494807
Van Yrtebelt,121,,,8014NR,Zwolle,Zwolle,Overijssel,VBO,6.109531,52.494861
Van Yrtebelt,123,,,8014NR,Zwolle,Zwolle,Overijssel,VBO,6.109471,52.494824
Van Yrtebelt,125,,,8014NR,Zwolle,Zwolle,Overijssel,VBO,6.109491,52.494876
Van Yrtebelt,127,,,8014NR,Zwolle,Zwolle,Overijssel,VBO,6.109659,52.494878
Van Yrtebelt,129,,,8014NR,Zwolle,Zwolle,Overijssel,VBO,6.109623,52.494893
Van Yrtebelt,131,,,8014NR,Zwolle,Zwolle,Overijssel,VBO,6.109648,52.494943
Van Yrtebelt,133,,,8014NR,Zwolle,Zwolle,Overijssel,VBO,6.109582,52.494907
Van Yrtebelt,135,,,8014NR,Zwolle,Zwolle,Overijssel,VBO,6.109611,52.494958
Van Yrtebelt,137,,,8014NR,Zwolle,Zwolle,Overijssel,VBO,6.109536,52.494923
Van Yrtebelt,139,,,8014NR,Zwolle,Zwolle,Overijssel,VBO,6.109579,52.494973
Van Yrtebelt,141,,,8014NR,Zwolle,Zwolle,Overijssel,VBO,6.109727,52.494980
Van Yrtebelt,143,,,8014NR,Zwolle,Zwolle,Overijssel,VBO,6.109688,52.494994
Van Yrtebelt,145,,,8014NR,Zwolle,Zwolle,Overijssel,VBO,6.109730,52.495046
Van Yrtebelt,147,,,8014NR,Zwolle,Zwolle,Overijssel,VBO,6.109653,52.495010
Van Yrtebelt,149,,,8014NR,Zwolle,Zwolle,Overijssel,VBO,6.109688,52.495058
Van Yrtebelt,151,,,8014NS,Zwolle,Zwolle,Overijssel,VBO,6.109617,52.495024
Van Yrtebelt,153,,,8014NS,Zwolle,Zwolle,Overijssel,VBO,6.109649,52.495073
Van Yrtebelt,155,,,8014NS,Zwolle,Zwolle,Overijssel,VBO,6.109768,52.495090
Van Yrtebelt,157,,,8014NS,Zwolle,Zwolle,Overijssel,VBO,6.109803,52.495143
Van Yrtebelt,159,,,8014NS,Zwolle,Zwolle,Overijssel,VBO,6.109727,52.495103
Van Yrtebelt,161,,,8014NS,Zwolle,Zwolle,Overijssel,VBO,6.109770,52.495161
Van Yrtebelt,163,,,8014NS,Zwolle,Zwolle,Overijssel,VBO,6.109689,52.495116
Van Yrtebelt,165,,,8014NS,Zwolle,Zwolle,Overijssel,VBO,6.109732,52.495177
Van Yrtebelt,167,,,8014NS,Zwolle,Zwolle,Overijssel,VBO,6.109839,52.495128
Van Yrtebelt,169,,,8014NS,Zwolle,Zwolle,Overijssel,VBO,6.110042,52.495208
Van Yrtebelt,171,,,8014NS,Zwolle,Zwolle,Overijssel,VBO,6.110135,52.495240
Van Yrtebelt,173,,,8014NS,Zwolle,Zwolle,Overijssel,VBO,6.110200,52.495266
Van Yrtebelt,175,,,8014NS,Zwolle,Zwolle,Overijssel,VBO,6.110270,52.495294
Van Yrtebelt,177,,,8014NS,Zwolle,Zwolle,Overijssel,VBO,6.110337,52.495319
Van Yrtebelt,179,,,8014NS,Zwolle,Zwolle,Overijssel,VBO,6.110404,52.495344
Van Yrtebelt,181,,,8014NS,Zwolle,Zwolle,Overijssel,VBO,6.110473,52.495369
Van Yrtebelt,183,,,8014NS,Zwolle,Zwolle,Overijssel,VBO,6.110516,52.495389
Van den Tyverbelt,1,T,1,8014NT,Zwolle,Zwolle,Overijssel,VBO,6.109784,52.495261
Van den Tyverbelt,2,,,8014NT,Zwolle,Zwolle,Overijssel,VBO,6.109769,52.495437
Van den Tyverbelt,4,,,8014NT,Zwolle,Zwolle,Overijssel,VBO,6.109815,52.495485
Van den Tyverbelt,6,,,8014NT,Zwolle,Zwolle,Overijssel,VBO,6.109859,52.495529
Van den Tyverbelt,8,,,8014NT,Zwolle,Zwolle,Overijssel,VBO,6.109898,52.495571
Van den Tyverbelt,10,,,8014NT,Zwolle,Zwolle,Overijssel,VBO,6.109941,52.495615
Van den Tyverbelt,12,,,8014NT,Zwolle,Zwolle,Overijssel,VBO,6.109987,52.495655
Van den Tyverbelt,14,,,8014NT,Zwolle,Zwolle,Overijssel,VBO,6.110027,52.495697
Van den Tyverbelt,16,,,8014NT,Zwolle,Zwolle,Overijssel,VBO,6.110051,52.495735
Essinckbelt,1,,,8014NV,Zwolle,Zwolle,Overijssel,VBO,6.111001,52.495205
Essinckbelt,2,,,8014NV,Zwolle,Zwolle,Overijssel,VBO,6.111095,52.494780
Essinckbelt,3,,,8014NV,Zwolle,Zwolle,Overijssel,VBO,6.111030,52.495167
Essinckbelt,4,,,8014NV,Zwolle,Zwolle,Overijssel,VBO,6.111173,52.494792
Essinckbelt,5,,,8014NV,Zwolle,Zwolle,Overijssel,VBO,6.111048,52.495117
Essinckbelt,6,,,8014NV,Zwolle,Zwolle,Overijssel,VBO,6.111251,52.494801
Essinckbelt,7,,,8014NV,Zwolle,Zwolle,Overijssel,VBO,6.111068,52.495069
Essinckbelt,8,,,8014NV,Zwolle,Zwolle,Overijssel,VBO,6.111331,52.494813
Essinckbelt,9,,,8014NV,Zwolle,Zwolle,Overijssel,VBO,6.111086,52.495023
Essinckbelt,10,,,8014NV,Zwolle,Zwolle,Overijssel,VBO,6.111417,52.494824
Essinckbelt,11,,,8014NV,Zwolle,Zwolle,Overijssel,VBO,6.111081,52.494971
Essinckbelt,12,,,8014NV,Zwolle,Zwolle,Overijssel,VBO,6.111491,52.494833
Essinckbelt,13,,,8014NV,Zwolle,Zwolle,Overijssel,STA,6.111051,52.495433
Essinckbelt,14,,,8014NV,Zwolle,Zwolle,Overijssel,VBO,6.111549,52.494840
Essinckbelt,15,,,8014NV,Zwolle,Zwolle,Overijssel,STA,6.110989,52.495531
Essinckbelt,17,,,8014NV,Zwolle,Zwolle,Overijssel,STA,6.110806,52.495634
Oldermannenlaan,233,,,8014NW,Zwolle,Zwolle,Overijssel,VBO,6.108557,52.494197
Oldermannenlaan,235,,,8014NW,Zwolle,Zwolle,Overijssel,VBO,6.108588,52.494179
Oldermannenlaan,237,,,8014NW,Zwolle,Zwolle,Overijssel,VBO,6.108562,52.494139
Oldermannenlaan,239,,,8014NW,Zwolle,Zwolle,Overijssel,VBO,6.108619,52.494161
Oldermannenlaan,241,,,8014NW,Zwolle,Zwolle,Overijssel,VBO,6.108579,52.494118
Oldermannenlaan,243,,,8014NW,Zwolle,Zwolle,Overijssel,VBO,6.108649,52.494143
Oldermannenlaan,245,,,8014NW,Zwolle,Zwolle,Overijssel,VBO,6.108612,52.494096
Oldermannenlaan,247,,,8014NW,Zwolle,Zwolle,Overijssel,VBO,6.108463,52.494044
Oldermannenlaan,249,,,8014NW,Zwolle,Zwolle,Overijssel,VBO,6.108534,52.494092
Oldermannenlaan,251,,,8014NW,Zwolle,Zwolle,Overijssel,VBO,6.108488,52.494026
Oldermannenlaan,253,,,8014NW,Zwolle,Zwolle,Overijssel,VBO,6.108561,52.494075
Oldermannenlaan,255,,,8014NW,Zwolle,Zwolle,Overijssel,VBO,6.108530,52.494009
Oldermannenlaan,257,,,8014NW,Zwolle,Zwolle,Overijssel,VBO,6.108590,52.494061
Oldermannenlaan,259,,,8014NW,Zwolle,Zwolle,Overijssel,VBO,6.108561,52.493993
Oldermannenlaan,261,,,8014NW,Zwolle,Zwolle,Overijssel,VBO,6.108427,52.493997
Oldermannenlaan,263,,,8014NW,Zwolle,Zwolle,Overijssel,VBO,6.108456,52.493980
Tyassenbelt,2,,,8014NW,Zwolle,Zwolle,Overijssel,VBO,6.110942,52.493939
Tyassenbelt,4,,,8014NW,Zwolle,Zwolle,Overijssel,VBO,6.110889,52.493930
Tyassenbelt,6,,,8014NW,Zwolle,Zwolle,Overijssel,VBO,6.110841,52.493924
Tyassenbelt,8,,,8014NW,Zwolle,Zwolle,Overijssel,VBO,6.110801,52.493920
Tyassenbelt,10,,,8014NW,Zwolle,Zwolle,Overijssel,VBO,6.110965,52.493879
Tyassenbelt,12,,,8014NW,Zwolle,Zwolle,Overijssel,VBO,6.110899,52.493872
Tyassenbelt,14,,,8014NW,Zwolle,Zwolle,Overijssel,VBO,6.110842,52.493867
Tyassenbelt,16,,,8014NW,Zwolle,Zwolle,Overijssel,VBO,6.110985,52.493825
Tyassenbelt,18,,,8014NW,Zwolle,Zwolle,Overijssel,VBO,6.110924,52.493815
Tyassenbelt,20,,,8014NW,Zwolle,Zwolle,Overijssel,VBO,6.110863,52.493811
Tyassenbelt,22,,,8014NW,Zwolle,Zwolle,Overijssel,VBO,6.110996,52.493771
Tyassenbelt,24,,,8014NW,Zwolle,Zwolle,Overijssel,VBO,6.110941,52.493765
Tyassenbelt,26,,,8014NW,Zwolle,Zwolle,Overijssel,VBO,6.110895,52.493758
Tyassenbelt,28,,,8014NW,Zwolle,Zwolle,Overijssel,VBO,6.110862,52.493752
Tyassenbelt,30,,,8014NW,Zwolle,Zwolle,Overijssel,VBO,6.111021,52.493722
Tyassenbelt,32,,,8014NW,Zwolle,Zwolle,Overijssel,VBO,6.110981,52.493718
Tyassenbelt,34,,,8014NW,Zwolle,Zwolle,Overijssel,VBO,6.110942,52.493709
Tyassenbelt,36,,,8014NW,Zwolle,Zwolle,Overijssel,VBO,6.110897,52.493704
Tyassenbelt,38,,,8014NW,Zwolle,Zwolle,Overijssel,VBO,6.111054,52.493665
Tyassenbelt,40,,,8014NW,Zwolle,Zwolle,Overijssel,VBO,6.111000,52.493660
Tyassenbelt,42,,,8014NW,Zwolle,Zwolle,Overijssel,VBO,6.110930,52.493651
Tyassenbelt,44,,,8014NW,Zwolle,Zwolle,Overijssel,VBO,6.111073,52.493613
Tyassenbelt,46,,,8014NW,Zwolle,Zwolle,Overijssel,VBO,6.111013,52.493607
Tyassenbelt,48,,,8014NW,Zwolle,Zwolle,Overijssel,VBO,6.110957,52.493600
Tyassenbelt,50,,,8014NW,Zwolle,Zwolle,Overijssel,VBO,6.111079,52.493558
Oldermannenlaan,265,,,8014NX,Zwolle,Zwolle,Overijssel,VBO,6.108440,52.493936
Oldermannenlaan,267,,,8014NX,Zwolle,Zwolle,Overijssel,VBO,6.108489,52.493964
Oldermannenlaan,269,,,8014NX,Zwolle,Zwolle,Overijssel,VBO,6.108461,52.493913
Oldermannenlaan,271,,,8014NX,Zwolle,Zwolle,Overijssel,VBO,6.108520,52.493948
Oldermannenlaan,273,,,8014NX,Zwolle,Zwolle,Overijssel,VBO,6.108499,52.493893
Oldermannenlaan,275,,,8014NX,Zwolle,Zwolle,Overijssel,VBO,6.108337,52.493842
Oldermannenlaan,277,,,8014NX,Zwolle,Zwolle,Overijssel,VBO,6.108301,52.493794
Oldermannenlaan,279,,,8014NX,Zwolle,Zwolle,Overijssel,VBO,6.108404,52.493887
Oldermannenlaan,281,,,8014NX,Zwolle,Zwolle,Overijssel,VBO,6.108370,52.493825
Oldermannenlaan,283,,,8014NX,Zwolle,Zwolle,Overijssel,VBO,6.108332,52.493779
Oldermannenlaan,285,,,8014NX,Zwolle,Zwolle,Overijssel,VBO,6.108433,52.493867
Oldermannenlaan,287,,,8014NX,Zwolle,Zwolle,Overijssel,VBO,6.108393,52.493808
Oldermannenlaan,289,,,8014NX,Zwolle,Zwolle,Overijssel,VBO,6.108363,52.493757
Oldermannenlaan,291,,,8014NX,Zwolle,Zwolle,Overijssel,VBO,6.108466,52.493852
Oldermannenlaan,293,,,8014NX,Zwolle,Zwolle,Overijssel,VBO,6.108420,52.493790
Oldermannenlaan,295,,,8014NX,Zwolle,Zwolle,Overijssel,VBO,6.108390,52.493738
Tyassenbelt,52,,,8014NX,Zwolle,Zwolle,Overijssel,VBO,6.111039,52.493552
Tyassenbelt,54,,,8014NX,Zwolle,Zwolle,Overijssel,VBO,6.110995,52.493547
Tyassenbelt,56,,,8014NX,Zwolle,Zwolle,Overijssel,VBO,6.110952,52.493542
Tyassenbelt,58,,,8014NX,Zwolle,Zwolle,Overijssel,VBO,6.111095,52.493506
Tyassenbelt,60,,,8014NX,Zwolle,Zwolle,Overijssel,VBO,6.111054,52.493499
Tyassenbelt,62,,,8014NX,Zwolle,Zwolle,Overijssel,VBO,6.111009,52.493491
Tyassenbelt,64,,,8014NX,Zwolle,Zwolle,Overijssel,VBO,6.110965,52.493483
Tyassenbelt,66,,,8014NX,Zwolle,Zwolle,Overijssel,VBO,6.111122,52.493454
Tyassenbelt,68,,,8014NX,Zwolle,Zwolle,Overijssel,VBO,6.111065,52.493447
Tyassenbelt,70,,,8014NX,Zwolle,Zwolle,Overijssel,VBO,6.110984,52.493434
Tyassenbelt,72,,,8014NX,Zwolle,Zwolle,Overijssel,VBO,6.111142,52.493400
Tyassenbelt,74,,,8014NX,Zwolle,Zwolle,Overijssel,VBO,6.111086,52.493391
Tyassenbelt,76,,,8014NX,Zwolle,Zwolle,Overijssel,VBO,6.111016,52.493376
Tyassenbelt,78,,,8014NX,Zwolle,Zwolle,Overijssel,VBO,6.111154,52.493343
Tyassenbelt,80,,,8014NX,Zwolle,Zwolle,Overijssel,VBO,6.111113,52.493339
Tyassenbelt,82,,,8014NX,Zwolle,Zwolle,Overijssel,VBO,6.111065,52.493328
Tyassenbelt,84,,,8014NX,Zwolle,Zwolle,Overijssel,VBO,6.111026,52.493321
Verhoefbelt,2,,,8014NZ,Zwolle,Zwolle,Overijssel,VBO,6.110238,52.493195
Verhoefbelt,4,,,8014NZ,Zwolle,Zwolle,Overijssel,VBO,6.110198,52.493322
Verhoefbelt,6,,,8014NZ,Zwolle,Zwolle,Overijssel,VBO,6.110153,52.493435
Verhoefbelt,8,,,8014NZ,Zwolle,Zwolle,Overijssel,VBO,6.110112,52.493555
Verhoefbelt,10,,,8014NZ,Zwolle,Zwolle,Overijssel,VBO,6.109828,52.493581
Verhoefbelt,12,,,8014NZ,Zwolle,Zwolle,Overijssel,VBO,6.109877,52.493463
Verhoefbelt,14,,,8014NZ,Zwolle,Zwolle,Overijssel,VBO,6.109893,52.493411
Verhoefbelt,16,,,8014NZ,Zwolle,Zwolle,Overijssel,VBO,6.109933,52.493296
Verhoefbelt,18,,,8014NZ,Zwolle,Zwolle,Overijssel,VBO,6.109955,52.493241
Verhoefbelt,20,,,8014NZ,Zwolle,Zwolle,Overijssel,VBO,6.109986,52.493128
Verhoefbelt,22,,,8014NZ,Zwolle,Zwolle,Overijssel,VBO,6.109492,52.493061
Verhoefbelt,24,,,8014NZ,Zwolle,Zwolle,Overijssel,VBO,6.109454,52.493178
Verhoefbelt,26,,,8014NZ,Zwolle,Zwolle,Overijssel,VBO,6.109435,52.493227
Verhoefbelt,28,,,8014NZ,Zwolle,Zwolle,Overijssel,VBO,6.109398,52.493349
Verhoefbelt,30,,,8014NZ,Zwolle,Zwolle,Overijssel,VBO,6.109374,52.493397
Verhoefbelt,32,,,8014NZ,Zwolle,Zwolle,Overijssel,VBO,6.109331,52.493514
Verhoefbelt,34,,,8014NZ,Zwolle,Zwolle,Overijssel,VBO,6.109055,52.493481
Verhoefbelt,36,,,8014NZ,Zwolle,Zwolle,Overijssel,VBO,6.109095,52.493363
Verhoefbelt,38,,,8014NZ,Zwolle,Zwolle,Overijssel,VBO,6.109117,52.493310
Verhoefbelt,40,,,8014NZ,Zwolle,Zwolle,Overijssel,VBO,6.109154,52.493195
Verhoefbelt,42,,,8014NZ,Zwolle,Zwolle,Overijssel,VBO,6.109176,52.493140
Verhoefbelt,44,,,8014NZ,Zwolle,Zwolle,Overijssel,VBO,6.109230,52.493021
Verhoefbelt,46,,,8014NZ,Zwolle,Zwolle,Overijssel,VBO,6.108534,52.492985
Verhoefbelt,48,,,8014NZ,Zwolle,Zwolle,Overijssel,VBO,6.108524,52.493106
Verhoefbelt,50,,,8014NZ,Zwolle,Zwolle,Overijssel,VBO,6.108428,52.493210
Verhoefbelt,52,,,8014NZ,Zwolle,Zwolle,Overijssel,VBO,6.107846,52.493146
Verhoefbelt,54,,,8014NZ,Zwolle,Zwolle,Overijssel,VBO,6.107898,52.493228
Verhoefbelt,56,,,8014NZ,Zwolle,Zwolle,Overijssel,VBO,6.107941,52.493310
Verhoefbelt,58,,,8014NZ,Zwolle,Zwolle,Overijssel,VBO,6.107990,52.493389
Verhoefbelt,60,,,8014NZ,Zwolle,Zwolle,Overijssel,VBO,6.108045,52.493469
Van Limburg Stirumware,2,,,8014PA,Zwolle,Zwolle,Overijssel,VBO,6.113940,52.477457
Van Limburg Stirumware,4,,,8014PA,Zwolle,Zwolle,Overijssel,VBO,6.114025,52.477490
Van Limburg Stirumware,6,,,8014PA,Zwolle,Zwolle,Overijssel,VBO,6.114098,52.477517
Van Limburg Stirumware,8,,,8014PA,Zwolle,Zwolle,Overijssel,VBO,6.114167,52.477541
Van Limburg Stirumware,10,,,8014PA,Zwolle,Zwolle,Overijssel,VBO,6.114243,52.477568
Van Limburg Stirumware,12,,,8014PA,Zwolle,Zwolle,Overijssel,VBO,6.114316,52.477593
Van Limburg Stirumware,14,,,8014PA,Zwolle,Zwolle,Overijssel,VBO,6.114379,52.477619
Van Limburg Stirumware,16,,,8014PA,Zwolle,Zwolle,Overijssel,VBO,6.114491,52.477688
Van Limburg Stirumware,18,,,8014PA,Zwolle,Zwolle,Overijssel,VBO,6.114562,52.477733
Van Limburg Stirumware,20,,,8014PA,Zwolle,Zwolle,Overijssel,VBO,6.114623,52.477768
Van Limburg Stirumware,22,,,8014PA,Zwolle,Zwolle,Overijssel,VBO,6.114683,52.477807
Van Limburg Stirumware,24,,,8014PA,Zwolle,Zwolle,Overijssel,VBO,6.114740,52.477842
Van Limburg Stirumware,26,,,8014PA,Zwolle,Zwolle,Overijssel,VBO,6.114799,52.477880
Van Limburg Stirumware,28,,,8014PA,Zwolle,Zwolle,Overijssel,VBO,6.114845,52.477913
Van Limburg Stirumware,30,,,8014PA,Zwolle,Zwolle,Overijssel,VBO,6.114987,52.477966
Van Limburg Stirumware,32,,,8014PA,Zwolle,Zwolle,Overijssel,VBO,6.115082,52.477998
Van Limburg Stirumware,34,,,8014PA,Zwolle,Zwolle,Overijssel,VBO,6.115153,52.478025
Van Limburg Stirumware,36,,,8014PA,Zwolle,Zwolle,Overijssel,VBO,6.115226,52.478048
Van Limburg Stirumware,38,,,8014PA,Zwolle,Zwolle,Overijssel,VBO,6.115296,52.478072
Van Limburg Stirumware,40,,,8014PA,Zwolle,Zwolle,Overijssel,VBO,6.115380,52.478081
Van Limburg Stirumware,42,,,8014PA,Zwolle,Zwolle,Overijssel,VBO,6.115480,52.478078
Van Limburg Stirumware,44,,,8014PB,Zwolle,Zwolle,Overijssel,VBO,6.115084,52.478548
Van Limburg Stirumware,46,,,8014PB,Zwolle,Zwolle,Overijssel,VBO,6.115034,52.478596
Van Limburg Stirumware,48,,,8014PB,Zwolle,Zwolle,Overijssel,VBO,6.114973,52.478631
Van Limburg Stirumware,50,,,8014PB,Zwolle,Zwolle,Overijssel,VBO,6.114894,52.478652
Van Limburg Stirumware,52,,,8014PB,Zwolle,Zwolle,Overijssel,VBO,6.114851,52.478702
Van Limburg Stirumware,54,,,8014PB,Zwolle,Zwolle,Overijssel,VBO,6.114795,52.478741
Van Limburg Stirumware,56,,,8014PB,Zwolle,Zwolle,Overijssel,VBO,6.114738,52.478781
Van Limburg Stirumware,58,,,8014PB,Zwolle,Zwolle,Overijssel,VBO,6.114685,52.478819
Van Limburg Stirumware,60,,,8014PB,Zwolle,Zwolle,Overijssel,VBO,6.114632,52.478855
Van Limburg Stirumware,62,,,8014PB,Zwolle,Zwolle,Overijssel,VBO,6.114569,52.478897
Van Limburg Stirumware,64,,,8014PB,Zwolle,Zwolle,Overijssel,VBO,6.114351,52.479064
Van Limburg Stirumware,66,,,8014PB,Zwolle,Zwolle,Overijssel,VBO,6.114290,52.479094
Van Limburg Stirumware,68,,,8014PB,Zwolle,Zwolle,Overijssel,VBO,6.114216,52.479126
Van Limburg Stirumware,70,,,8014PB,Zwolle,Zwolle,Overijssel,VBO,6.114150,52.479154
Van Limburg Stirumware,72,,,8014PB,Zwolle,Zwolle,Overijssel,VBO,6.114080,52.479182
Van Limburg Stirumware,74,,,8014PB,Zwolle,Zwolle,Overijssel,VBO,6.113996,52.479206
Van Limburg Stirumware,76,,,8014PB,Zwolle,Zwolle,Overijssel,VBO,6.113796,52.479413
Van Limburg Stirumware,78,,,8014PB,Zwolle,Zwolle,Overijssel,VBO,6.113882,52.479440
Van Limburg Stirumware,80,,,8014PB,Zwolle,Zwolle,Overijssel,VBO,6.113960,52.479467
Van Limburg Stirumware,82,,,8014PB,Zwolle,Zwolle,Overijssel,VBO,6.114033,52.479495
Van Limburg Stirumware,84,,,8014PB,Zwolle,Zwolle,Overijssel,VBO,6.114102,52.479517
Van Limburg Stirumware,86,,,8014PB,Zwolle,Zwolle,Overijssel,VBO,6.114164,52.479541
Van Limburg Stirumware,88,,,8014PC,Zwolle,Zwolle,Overijssel,VBO,6.114422,52.479441
Van Limburg Stirumware,90,,,8014PC,Zwolle,Zwolle,Overijssel,VBO,6.114476,52.479397
Van Limburg Stirumware,92,,,8014PC,Zwolle,Zwolle,Overijssel,VBO,6.114533,52.479361
Van Limburg Stirumware,94,,,8014PC,Zwolle,Zwolle,Overijssel,VBO,6.114591,52.479324
Van Limburg Stirumware,96,,,8014PC,Zwolle,Zwolle,Overijssel,VBO,6.114650,52.479285
Van Limburg Stirumware,98,,,8014PC,Zwolle,Zwolle,Overijssel,VBO,6.114715,52.479254
Van Limburg Stirumware,100,,,8014PC,Zwolle,Zwolle,Overijssel,VBO,6.114811,52.479190
Van Limburg Stirumware,102,,,8014PC,Zwolle,Zwolle,Overijssel,VBO,6.114879,52.479146
Van Limburg Stirumware,104,,,8014PC,Zwolle,Zwolle,Overijssel,VBO,6.114929,52.479109
Van Limburg Stirumware,106,,,8014PC,Zwolle,Zwolle,Overijssel,VBO,6.114985,52.479071
Van Limburg Stirumware,108,,,8014PC,Zwolle,Zwolle,Overijssel,VBO,6.115035,52.479031
Van Limburg Stirumware,110,,,8014PC,Zwolle,Zwolle,Overijssel,VBO,6.115095,52.479000
Van Limburg Stirumware,112,,,8014PC,Zwolle,Zwolle,Overijssel,VBO,6.115197,52.478936
Van Limburg Stirumware,114,,,8014PC,Zwolle,Zwolle,Overijssel,VBO,6.115255,52.478893
Van Limburg Stirumware,116,,,8014PC,Zwolle,Zwolle,Overijssel,VBO,6.115304,52.478854
Van Limburg Stirumware,118,,,8014PC,Zwolle,Zwolle,Overijssel,VBO,6.115361,52.478814
Van Limburg Stirumware,120,,,8014PC,Zwolle,Zwolle,Overijssel,VBO,6.115413,52.478775
Van Limburg Stirumware,122,D,1,8014PC,Zwolle,Zwolle,Overijssel,VBO,6.115708,52.478623
Van Limburg Stirumware,122,,,8014PC,Zwolle,Zwolle,Overijssel,VBO,6.115463,52.478740
Van Limburg Stirumware,1,,,8014PD,Zwolle,Zwolle,Overijssel,VBO,6.114965,52.478161
Van Limburg Stirumware,3,,,8014PD,Zwolle,Zwolle,Overijssel,VBO,6.114964,52.478220
Van Limburg Stirumware,5,,,8014PD,Zwolle,Zwolle,Overijssel,VBO,6.114964,52.478271
Van Limburg Stirumware,7,,,8014PD,Zwolle,Zwolle,Overijssel,VBO,6.114969,52.478325
Van Limburg Stirumware,9,,,8014PD,Zwolle,Zwolle,Overijssel,VBO,6.114970,52.478372
Van Limburg Stirumware,11,,,8014PD,Zwolle,Zwolle,Overijssel,VBO,6.114701,52.478382
Van Limburg Stirumware,13,,,8014PD,Zwolle,Zwolle,Overijssel,VBO,6.114657,52.478433
Van Limburg Stirumware,15,,,8014PD,Zwolle,Zwolle,Overijssel,VBO,6.114610,52.478473
Van Limburg Stirumware,17,,,8014PD,Zwolle,Zwolle,Overijssel,VBO,6.114563,52.478515
Van Limburg Stirumware,19,,,8014PD,Zwolle,Zwolle,Overijssel,VBO,6.114509,52.478553
Van Limburg Stirumware,21,,,8014PD,Zwolle,Zwolle,Overijssel,VBO,6.114457,52.478596
Van Limburg Stirumware,23,,,8014PD,Zwolle,Zwolle,Overijssel,VBO,6.114409,52.478636
Van Limburg Stirumware,25,,,8014PD,Zwolle,Zwolle,Overijssel,VBO,6.114360,52.478679
Van Limburg Stirumware,27,,,8014PD,Zwolle,Zwolle,Overijssel,VBO,6.114309,52.478720
Van Limburg Stirumware,29,,,8014PD,Zwolle,Zwolle,Overijssel,VBO,6.114197,52.478803
Van Limburg Stirumware,31,,,8014PD,Zwolle,Zwolle,Overijssel,VBO,6.114133,52.478837
Van Limburg Stirumware,33,,,8014PD,Zwolle,Zwolle,Overijssel,VBO,6.114069,52.478868
Van Limburg Stirumware,35,,,8014PD,Zwolle,Zwolle,Overijssel,VBO,6.114008,52.478903
Van Limburg Stirumware,37,,,8014PD,Zwolle,Zwolle,Overijssel,VBO,6.113936,52.478944
Van Limburg Stirumware,39,,,8014PE,Zwolle,Zwolle,Overijssel,VBO,6.113645,52.479102
Van Limburg Stirumware,41,,,8014PE,Zwolle,Zwolle,Overijssel,VBO,6.113605,52.479149
Van Limburg Stirumware,43,,,8014PE,Zwolle,Zwolle,Overijssel,VBO,6.113568,52.479195
Van Limburg Stirumware,45,,,8014PE,Zwolle,Zwolle,Overijssel,VBO,6.113530,52.479244
Van Limburg Stirumware,47,,,8014PE,Zwolle,Zwolle,Overijssel,VBO,6.113495,52.479289
Van Limburg Stirumware,49,,,8014PE,Zwolle,Zwolle,Overijssel,VBO,6.113454,52.479333
Van Limburg Stirumware,51,,,8014PE,Zwolle,Zwolle,Overijssel,VBO,6.113417,52.479380
Van Limburg Stirumware,53,,,8014PE,Zwolle,Zwolle,Overijssel,VBO,6.113372,52.479425
Luzacware,2,,,8014PG,Zwolle,Zwolle,Overijssel,VBO,6.113909,52.477686
Luzacware,4,,,8014PG,Zwolle,Zwolle,Overijssel,VBO,6.113835,52.477714
Luzacware,6,,,8014PG,Zwolle,Zwolle,Overijssel,VBO,6.113765,52.477752
Luzacware,8,,,8014PG,Zwolle,Zwolle,Overijssel,VBO,6.113700,52.477785
Luzacware,10,,,8014PG,Zwolle,Zwolle,Overijssel,VBO,6.113636,52.477821
Luzacware,12,,,8014PG,Zwolle,Zwolle,Overijssel,VBO,6.114034,52.477851
Luzacware,14,,,8014PG,Zwolle,Zwolle,Overijssel,VBO,6.114093,52.477901
Luzacware,16,,,8014PG,Zwolle,Zwolle,Overijssel,VBO,6.114142,52.477945
Luzacware,18,,,8014PG,Zwolle,Zwolle,Overijssel,VBO,6.114192,52.477987
Luzacware,20,,,8014PG,Zwolle,Zwolle,Overijssel,VBO,6.114238,52.478017
Luzacware,22,,,8014PG,Zwolle,Zwolle,Overijssel,VBO,6.114238,52.478168
Luzacware,24,,,8014PG,Zwolle,Zwolle,Overijssel,VBO,6.114194,52.478208
Luzacware,26,,,8014PG,Zwolle,Zwolle,Overijssel,VBO,6.114118,52.478246
Luzacware,28,,,8014PG,Zwolle,Zwolle,Overijssel,VBO,6.114071,52.478282
Luzacware,30,,,8014PG,Zwolle,Zwolle,Overijssel,VBO,6.114028,52.478329
Luzacware,32,,,8014PG,Zwolle,Zwolle,Overijssel,VBO,6.113984,52.478371
Luzacware,34,,,8014PG,Zwolle,Zwolle,Overijssel,VBO,6.113941,52.478414
Luzacware,36,,,8014PG,Zwolle,Zwolle,Overijssel,VBO,6.113900,52.478464
Luzacware,38,,,8014PG,Zwolle,Zwolle,Overijssel,VBO,6.113851,52.478511
Luzacware,40,T,1,8014PH,Zwolle,Zwolle,Overijssel,VBO,6.113850,52.478715
Luzacware,42,,,8014PH,Zwolle,Zwolle,Overijssel,VBO,6.113635,52.478667
Luzacware,44,,,8014PH,Zwolle,Zwolle,Overijssel,VBO,6.113577,52.478697
Luzacware,46,,,8014PH,Zwolle,Zwolle,Overijssel,VBO,6.113511,52.478734
Luzacware,48,,,8014PH,Zwolle,Zwolle,Overijssel,VBO,6.113454,52.478771
Luzacware,50,,,8014PH,Zwolle,Zwolle,Overijssel,VBO,6.113398,52.478807
Luzacware,52,,,8014PH,Zwolle,Zwolle,Overijssel,VBO,6.113336,52.478841
Luzacware,54,,,8014PH,Zwolle,Zwolle,Overijssel,VBO,6.113261,52.478883
Luzacware,56,,,8014PH,Zwolle,Zwolle,Overijssel,VBO,6.113098,52.478915
Luzacware,58,,,8014PH,Zwolle,Zwolle,Overijssel,VBO,6.113026,52.478898
Luzacware,60,,,8014PH,Zwolle,Zwolle,Overijssel,VBO,6.112943,52.478881
Luzacware,62,,,8014PH,Zwolle,Zwolle,Overijssel,VBO,6.112868,52.478862
Luzacware,64,,,8014PH,Zwolle,Zwolle,Overijssel,VBO,6.112789,52.478846
Luzacware,66,,,8014PH,Zwolle,Zwolle,Overijssel,VBO,6.112691,52.478830
Luzacware,68,,,8014PH,Zwolle,Zwolle,Overijssel,VBO,6.112593,52.478751
Luzacware,70,,,8014PH,Zwolle,Zwolle,Overijssel,VBO,6.112564,52.478700
Luzacware,72,,,8014PH,Zwolle,Zwolle,Overijssel,VBO,6.112535,52.478652
Luzacware,74,,,8014PH,Zwolle,Zwolle,Overijssel,VBO,6.112506,52.478605
Luzacware,76,,,8014PH,Zwolle,Zwolle,Overijssel,VBO,6.112463,52.478553
Luzacware,1,,,8014PJ,Zwolle,Zwolle,Overijssel,VBO,6.113832,52.478109
Luzacware,3,,,8014PJ,Zwolle,Zwolle,Overijssel,VBO,6.113762,52.478148
Luzacware,5,,,8014PJ,Zwolle,Zwolle,Overijssel,VBO,6.113708,52.478190
Luzacware,7,,,8014PJ,Zwolle,Zwolle,Overijssel,VBO,6.113655,52.478229
Luzacware,9,,,8014PJ,Zwolle,Zwolle,Overijssel,VBO,6.113468,52.478393
Luzacware,11,,,8014PJ,Zwolle,Zwolle,Overijssel,VBO,6.113414,52.478435
Luzacware,13,,,8014PJ,Zwolle,Zwolle,Overijssel,VBO,6.113366,52.478478
Luzacware,15,,,8014PJ,Zwolle,Zwolle,Overijssel,VBO,6.113325,52.478520
Luzacware,17,,,8014PJ,Zwolle,Zwolle,Overijssel,VBO,6.113272,52.478561
Luzacware,19,,,8014PJ,Zwolle,Zwolle,Overijssel,VBO,6.113225,52.478604
Luzacware,21,,,8014PJ,Zwolle,Zwolle,Overijssel,VBO,6.113165,52.478641
Ministerlaan,2,,,8014PK,Zwolle,Zwolle,Overijssel,VBO,6.113399,52.477900
Ministerlaan,4,,,8014PK,Zwolle,Zwolle,Overijssel,VBO,6.113344,52.477943
Ministerlaan,6,,,8014PK,Zwolle,Zwolle,Overijssel,VBO,6.113308,52.477990
Ministerlaan,8,,,8014PK,Zwolle,Zwolle,Overijssel,VBO,6.113271,52.478036
Ministerlaan,10,,,8014PK,Zwolle,Zwolle,Overijssel,VBO,6.113235,52.478081
Ministerlaan,12,,,8014PK,Zwolle,Zwolle,Overijssel,VBO,6.113192,52.478124
Ministerlaan,14,,,8014PK,Zwolle,Zwolle,Overijssel,VBO,6.113149,52.478174
Ministerlaan,16,,,8014PK,Zwolle,Zwolle,Overijssel,VBO,6.113075,52.478245
Ministerlaan,18,,,8014PK,Zwolle,Zwolle,Overijssel,VBO,6.113027,52.478286
Ministerlaan,20,,,8014PK,Zwolle,Zwolle,Overijssel,VBO,6.112980,52.478330
Ministerlaan,22,,,8014PK,Zwolle,Zwolle,Overijssel,VBO,6.112930,52.478372
Ministerlaan,24,,,8014PK,Zwolle,Zwolle,Overijssel,VBO,6.112881,52.478415
Ministerlaan,26,,,8014PK,Zwolle,Zwolle,Overijssel,VBO,6.112788,52.478432
Ministerlaan,28,,,8014PK,Zwolle,Zwolle,Overijssel,VBO,6.112727,52.478475
Ministerlaan,30,,,8014PK,Zwolle,Zwolle,Overijssel,VBO,6.112075,52.478704
Ministerlaan,32,,,8014PK,Zwolle,Zwolle,Overijssel,VBO,6.112064,52.478654
Ministerlaan,34,,,8014PK,Zwolle,Zwolle,Overijssel,VBO,6.112054,52.478600
Ministerlaan,36,,,8014PK,Zwolle,Zwolle,Overijssel,VBO,6.112044,52.478550
Ministerlaan,38,,,8014PK,Zwolle,Zwolle,Overijssel,VBO,6.112030,52.478498
Ministerlaan,40,,,8014PK,Zwolle,Zwolle,Overijssel,VBO,6.111691,52.478574
Ministerlaan,42,,,8014PK,Zwolle,Zwolle,Overijssel,VBO,6.111640,52.478612
Ministerlaan,44,,,8014PK,Zwolle,Zwolle,Overijssel,VBO,6.111594,52.478653
Ministerlaan,46,,,8014PK,Zwolle,Zwolle,Overijssel,VBO,6.111545,52.478695
Ministerlaan,48,,,8014PK,Zwolle,Zwolle,Overijssel,VBO,6.111497,52.478738
Ministerlaan,50,,,8014PK,Zwolle,Zwolle,Overijssel,VBO,6.111454,52.478790
Ministerlaan,1,,,8014PL,Zwolle,Zwolle,Overijssel,VBO,6.113748,52.477176
Ministerlaan,3,,,8014PL,Zwolle,Zwolle,Overijssel,VBO,6.113726,52.477234
Ministerlaan,5,,,8014PL,Zwolle,Zwolle,Overijssel,VBO,6.113665,52.477273
Ministerlaan,7,,,8014PL,Zwolle,Zwolle,Overijssel,VBO,6.113605,52.477307
Ministerlaan,9,,,8014PL,Zwolle,Zwolle,Overijssel,VBO,6.113550,52.477345
Ministerlaan,11,,,8014PL,Zwolle,Zwolle,Overijssel,VBO,6.113406,52.477403
Ministerlaan,13,,,8014PL,Zwolle,Zwolle,Overijssel,VBO,6.113326,52.477409
Ministerlaan,15,,,8014PL,Zwolle,Zwolle,Overijssel,VBO,6.113246,52.477416
Ministerlaan,17,,,8014PL,Zwolle,Zwolle,Overijssel,VBO,6.113156,52.477428
Ministerlaan,19,,,8014PL,Zwolle,Zwolle,Overijssel,VBO,6.112876,52.477673
Ministerlaan,21,,,8014PL,Zwolle,Zwolle,Overijssel,VBO,6.112833,52.477719
Ministerlaan,23,,,8014PL,Zwolle,Zwolle,Overijssel,VBO,6.112802,52.477765
Ministerlaan,25,,,8014PL,Zwolle,Zwolle,Overijssel,VBO,6.112765,52.477812
Ministerlaan,27,,,8014PL,Zwolle,Zwolle,Overijssel,VBO,6.112734,52.477860
Ministerlaan,29,,,8014PL,Zwolle,Zwolle,Overijssel,VBO,6.112701,52.477907
Ministerlaan,31,,,8014PL,Zwolle,Zwolle,Overijssel,VBO,6.112666,52.477955
Ministerlaan,33,,,8014PL,Zwolle,Zwolle,Overijssel,VBO,6.112647,52.478005
Ministerlaan,35,,,8014PL,Zwolle,Zwolle,Overijssel,VBO,6.112592,52.478084
Ministerlaan,37,,,8014PL,Zwolle,Zwolle,Overijssel,VBO,6.112543,52.478125
Ministerlaan,39,,,8014PL,Zwolle,Zwolle,Overijssel,VBO,6.112510,52.478172
Ministerlaan,41,,,8014PL,Zwolle,Zwolle,Overijssel,VBO,6.112471,52.478217
Ministerlaan,43,,,8014PL,Zwolle,Zwolle,Overijssel,VBO,6.112438,52.478265
Ministerlaan,45,,,8014PL,Zwolle,Zwolle,Overijssel,VBO,6.112398,52.478310
Ministerlaan,47,,,8014PM,Zwolle,Zwolle,Overijssel,VBO,6.112078,52.478212
Ministerlaan,49,,,8014PM,Zwolle,Zwolle,Overijssel,VBO,6.112005,52.478196
Ministerlaan,51,,,8014PM,Zwolle,Zwolle,Overijssel,VBO,6.111929,52.478174
Ministerlaan,53,,,8014PM,Zwolle,Zwolle,Overijssel,VBO,6.111849,52.478153
Ministerlaan,55,,,8014PM,Zwolle,Zwolle,Overijssel,VBO,6.111775,52.478133
Ministerlaan,57,,,8014PM,Zwolle,Zwolle,Overijssel,VBO,6.111695,52.478111
Ministerlaan,59,,,8014PM,Zwolle,Zwolle,Overijssel,VBO,6.111618,52.478088
Ministerlaan,61,,,8014PM,Zwolle,Zwolle,Overijssel,VBO,6.111534,52.478064
Ministerlaan,63,,,8014PM,Zwolle,Zwolle,Overijssel,VBO,6.111373,52.478047
Ministerlaan,65,,,8014PM,Zwolle,Zwolle,Overijssel,VBO,6.111304,52.478031
Ministerlaan,67,,,8014PM,Zwolle,Zwolle,Overijssel,VBO,6.111222,52.478014
Ministerlaan,69,,,8014PM,Zwolle,Zwolle,Overijssel,VBO,6.111131,52.477999
Ministerlaan,71,,,8014PM,Zwolle,Zwolle,Overijssel,VBO,6.111048,52.478005
Ministerlaan,73,,,8014PM,Zwolle,Zwolle,Overijssel,VBO,6.110959,52.477984
Ministerlaan,75,,,8014PM,Zwolle,Zwolle,Overijssel,VBO,6.111410,52.478239
Ministerlaan,77,,,8014PM,Zwolle,Zwolle,Overijssel,VBO,6.111365,52.478278
Ministerlaan,79,,,8014PM,Zwolle,Zwolle,Overijssel,VBO,6.111317,52.478319
Ministerlaan,81,,,8014PM,Zwolle,Zwolle,Overijssel,VBO,6.111274,52.478360
Ministerlaan,83,,,8014PM,Zwolle,Zwolle,Overijssel,VBO,6.111227,52.478404
Ministerlaan,85,,,8014PM,Zwolle,Zwolle,Overijssel,VBO,6.111178,52.478450
Ministerlaan,87,,,8014PM,Zwolle,Zwolle,Overijssel,VBO,6.111134,52.478491
Ministerlaan,89,,,8014PM,Zwolle,Zwolle,Overijssel,VBO,6.111083,52.478531
Ministerlaan,91,,,8014PM,Zwolle,Zwolle,Overijssel,VBO,6.111040,52.478576
Ministerlaan,93,,,8014PM,Zwolle,Zwolle,Overijssel,VBO,6.110987,52.478628
Van Maanenware,1,,,8014PN,Zwolle,Zwolle,Overijssel,VBO,6.113475,52.477102
Van Maanenware,3,,,8014PN,Zwolle,Zwolle,Overijssel,VBO,6.113423,52.477063
Van Maanenware,5,,,8014PN,Zwolle,Zwolle,Overijssel,VBO,6.113371,52.477026
Van Maanenware,7,,,8014PN,Zwolle,Zwolle,Overijssel,VBO,6.113316,52.476984
Van Maanenware,9,,,8014PN,Zwolle,Zwolle,Overijssel,VBO,6.113266,52.476943
Van Maanenware,11,,,8014PN,Zwolle,Zwolle,Overijssel,VBO,6.113214,52.476901
Van Maanenware,13,,,8014PN,Zwolle,Zwolle,Overijssel,VBO,6.113131,52.476874
Van Maanenware,15,,,8014PN,Zwolle,Zwolle,Overijssel,VBO,6.113084,52.476835
Van Maanenware,17,,,8014PN,Zwolle,Zwolle,Overijssel,VBO,6.113033,52.476794
Van Maanenware,19,,,8014PN,Zwolle,Zwolle,Overijssel,VBO,6.112971,52.476753
Van Maanenware,21,,,8014PN,Zwolle,Zwolle,Overijssel,VBO,6.112941,52.476709
Van Maanenware,23,,,8014PN,Zwolle,Zwolle,Overijssel,VBO,6.112891,52.476665
Van Maanenware,25,,,8014PN,Zwolle,Zwolle,Overijssel,VBO,6.112842,52.476624
Van Maanenware,27,,,8014PN,Zwolle,Zwolle,Overijssel,VBO,6.112792,52.476577
Van Maanenware,29,,,8014PN,Zwolle,Zwolle,Overijssel,VBO,6.112726,52.476491
Van Maanenware,31,,,8014PN,Zwolle,Zwolle,Overijssel,VBO,6.112661,52.476452
Van Maanenware,33,,,8014PN,Zwolle,Zwolle,Overijssel,VBO,6.112605,52.476411
Van Maanenware,35,,,8014PN,Zwolle,Zwolle,Overijssel,VBO,6.112554,52.476369
Van Maanenware,37,,,8014PN,Zwolle,Zwolle,Overijssel,VBO,6.112528,52.476318
Van Maanenware,39,,,8014PN,Zwolle,Zwolle,Overijssel,VBO,6.112477,52.476279
Van Maanenware,41,,,8014PN,Zwolle,Zwolle,Overijssel,VBO,6.112420,52.476240
Van Maanenware,43,,,8014PN,Zwolle,Zwolle,Overijssel,VBO,6.112361,52.476200
Van Maanenware,45,,,8014PN,Zwolle,Zwolle,Overijssel,VBO,6.112295,52.476173
Van Maanenware,47,,,8014PN,Zwolle,Zwolle,Overijssel,VBO,6.112228,52.476130
Van Maanenware,49,,,8014PN,Zwolle,Zwolle,Overijssel,VBO,6.112165,52.476037
Van Maanenware,51,,,8014PN,Zwolle,Zwolle,Overijssel,VBO,6.112155,52.475990
Van Maanenware,53,,,8014PN,Zwolle,Zwolle,Overijssel,VBO,6.112148,52.475936
Van Maanenware,55,,,8014PN,Zwolle,Zwolle,Overijssel,VBO,6.112139,52.475886
Van Maanenware,57,,,8014PN,Zwolle,Zwolle,Overijssel,VBO,6.112136,52.475836
Van Maanenware,59,,,8014PN,Zwolle,Zwolle,Overijssel,VBO,6.112135,52.475779
Van Maanenware,2,,,8014PP,Zwolle,Zwolle,Overijssel,VBO,6.112899,52.477576
Van Maanenware,4,,,8014PP,Zwolle,Zwolle,Overijssel,VBO,6.112885,52.477523
Van Maanenware,6,,,8014PP,Zwolle,Zwolle,Overijssel,VBO,6.112871,52.477472
Van Maanenware,8,,,8014PP,Zwolle,Zwolle,Overijssel,VBO,6.112862,52.477423
Van Maanenware,10,,,8014PP,Zwolle,Zwolle,Overijssel,VBO,6.112852,52.477371
Van Maanenware,12,,,8014PP,Zwolle,Zwolle,Overijssel,VBO,6.112844,52.477322
Van Maanenware,14,,,8014PP,Zwolle,Zwolle,Overijssel,VBO,6.112782,52.477163
Van Maanenware,16,,,8014PP,Zwolle,Zwolle,Overijssel,VBO,6.112760,52.477110
Van Maanenware,18,,,8014PP,Zwolle,Zwolle,Overijssel,VBO,6.112731,52.477064
Van Maanenware,20,,,8014PP,Zwolle,Zwolle,Overijssel,VBO,6.112701,52.477011
Van Maanenware,22,,,8014PP,Zwolle,Zwolle,Overijssel,VBO,6.112668,52.476963
Van Maanenware,24,,,8014PP,Zwolle,Zwolle,Overijssel,VBO,6.112636,52.476916
Van Maanenware,26,,,8014PP,Zwolle,Zwolle,Overijssel,VBO,6.112559,52.476838
Van Maanenware,28,,,8014PP,Zwolle,Zwolle,Overijssel,VBO,6.112511,52.476800
Van Maanenware,30,,,8014PP,Zwolle,Zwolle,Overijssel,VBO,6.112455,52.476760
Van Maanenware,32,,,8014PP,Zwolle,Zwolle,Overijssel,VBO,6.112405,52.476719
Van Maanenware,34,,,8014PP,Zwolle,Zwolle,Overijssel,VBO,6.112353,52.476681
Van Maanenware,36,,,8014PP,Zwolle,Zwolle,Overijssel,VBO,6.112300,52.476641
Van Maanenware,38,,,8014PP,Zwolle,Zwolle,Overijssel,VBO,6.112246,52.476603
Van Maanenware,40,,,8014PP,Zwolle,Zwolle,Overijssel,VBO,6.112191,52.476551
Van Maanenware,42,,,8014PR,Zwolle,Zwolle,Overijssel,VBO,6.111781,52.476821
Van Maanenware,44,,,8014PR,Zwolle,Zwolle,Overijssel,VBO,6.111815,52.476771
Van Maanenware,46,,,8014PR,Zwolle,Zwolle,Overijssel,VBO,6.111837,52.476725
Van Maanenware,48,,,8014PR,Zwolle,Zwolle,Overijssel,VBO,6.111863,52.476673
Van Maanenware,50,,,8014PR,Zwolle,Zwolle,Overijssel,VBO,6.111858,52.476618
Van Maanenware,52,,,8014PR,Zwolle,Zwolle,Overijssel,VBO,6.111887,52.476570
Van Maanenware,54,,,8014PR,Zwolle,Zwolle,Overijssel,VBO,6.111915,52.476523
Van Maanenware,56,,,8014PR,Zwolle,Zwolle,Overijssel,VBO,6.111946,52.476476
Van Maanenware,58,,,8014PR,Zwolle,Zwolle,Overijssel,VBO,6.111968,52.476427
Van Maanenware,60,,,8014PR,Zwolle,Zwolle,Overijssel,VBO,6.111999,52.476377
Van Maanenware,62,,,8014PR,Zwolle,Zwolle,Overijssel,VBO,6.111500,52.476168
Van Maanenware,64,,,8014PR,Zwolle,Zwolle,Overijssel,VBO,6.111536,52.476119
Van Maanenware,66,,,8014PR,Zwolle,Zwolle,Overijssel,VBO,6.111632,52.476084
Van Maanenware,68,,,8014PR,Zwolle,Zwolle,Overijssel,VBO,6.111650,52.476033
Van Maanenware,70,,,8014PR,Zwolle,Zwolle,Overijssel,VBO,6.111676,52.475986
Van Maanenware,72,,,8014PR,Zwolle,Zwolle,Overijssel,VBO,6.111700,52.475935
Van Maanenware,74,,,8014PR,Zwolle,Zwolle,Overijssel,VBO,6.111728,52.475887
Van Maanenware,76,,,8014PR,Zwolle,Zwolle,Overijssel,VBO,6.111752,52.475838
Van Maanenware,78,,,8014PR,Zwolle,Zwolle,Overijssel,VBO,6.111780,52.475789
Van Maanenware,80,,,8014PR,Zwolle,Zwolle,Overijssel,VBO,6.111808,52.475739
Van Maanenware,82,,,8014PR,Zwolle,Zwolle,Overijssel,VBO,6.111835,52.475693
Van Maanenware,84,,,8014PR,Zwolle,Zwolle,Overijssel,VBO,6.111861,52.475641
Van Maanenware,86,,,8014PR,Zwolle,Zwolle,Overijssel,VBO,6.111854,52.475586
Van Maanenware,88,,,8014PR,Zwolle,Zwolle,Overijssel,VBO,6.111894,52.475542
Staatsmanlaan,50,,,8014PS,Zwolle,Zwolle,Overijssel,VBO,6.113974,52.480568
Staatsmanlaan,52,,,8014PS,Zwolle,Zwolle,Overijssel,VBO,6.113936,52.480610
Staatsmanlaan,54,,,8014PS,Zwolle,Zwolle,Overijssel,VBO,6.113874,52.480651
Staatsmanlaan,56,,,8014PS,Zwolle,Zwolle,Overijssel,VBO,6.113812,52.480686
Staatsmanlaan,58,,,8014PS,Zwolle,Zwolle,Overijssel,VBO,6.113740,52.480706
Staatsmanlaan,60,A,,8014PS,Zwolle,Zwolle,Overijssel,VBO,6.113397,52.480814
Staatsmanlaan,60,B,,8014PS,Zwolle,Zwolle,Overijssel,VBO,6.113342,52.480848
Staatsmanlaan,60,C,,8014PS,Zwolle,Zwolle,Overijssel,VBO,6.113286,52.480880
Staatsmanlaan,60,D,,8014PS,Zwolle,Zwolle,Overijssel,VBO,6.113232,52.480917
Staatsmanlaan,60,E,,8014PS,Zwolle,Zwolle,Overijssel,VBO,6.113175,52.480949
Staatsmanlaan,60,F,,8014PS,Zwolle,Zwolle,Overijssel,VBO,6.113116,52.480984
Staatsmanlaan,60,,,8014PS,Zwolle,Zwolle,Overijssel,VBO,6.113462,52.480775
Staatsmanlaan,62,,,8014PS,Zwolle,Zwolle,Overijssel,VBO,6.113147,52.481141
Staatsmanlaan,64,,,8014PS,Zwolle,Zwolle,Overijssel,VBO,6.113127,52.481181
Staatsmanlaan,66,,,8014PS,Zwolle,Zwolle,Overijssel,VBO,6.113080,52.481229
Staatsmanlaan,68,,,8014PS,Zwolle,Zwolle,Overijssel,VBO,6.113032,52.481269
Staatsmanlaan,70,,,8014PS,Zwolle,Zwolle,Overijssel,VBO,6.112964,52.481484
Staatsmanlaan,59,,,8014PT,Zwolle,Zwolle,Overijssel,VBO,6.114839,52.480277
Staatsmanlaan,61,,,8014PT,Zwolle,Zwolle,Overijssel,VBO,6.114779,52.480262
Staatsmanlaan,63,,,8014PT,Zwolle,Zwolle,Overijssel,VBO,6.114710,52.480244
Staatsmanlaan,65,,,8014PT,Zwolle,Zwolle,Overijssel,VBO,6.114634,52.480225
Staatsmanlaan,67,,,8014PT,Zwolle,Zwolle,Overijssel,VBO,6.114563,52.480206
Staatsmanlaan,69,,,8014PT,Zwolle,Zwolle,Overijssel,VBO,6.114481,52.480179
Staatsmanlaan,71,,,8014PT,Zwolle,Zwolle,Overijssel,VBO,6.114427,52.480148
Staatsmanlaan,73,,,8014PT,Zwolle,Zwolle,Overijssel,VBO,6.114346,52.480123
Staatsmanlaan,75,,,8014PT,Zwolle,Zwolle,Overijssel,VBO,6.113983,52.480083
Staatsmanlaan,77,,,8014PT,Zwolle,Zwolle,Overijssel,VBO,6.113927,52.480120
Staatsmanlaan,79,,,8014PT,Zwolle,Zwolle,Overijssel,VBO,6.113865,52.480164
Staatsmanlaan,81,,,8014PT,Zwolle,Zwolle,Overijssel,VBO,6.113797,52.480204
Staatsmanlaan,83,,,8014PT,Zwolle,Zwolle,Overijssel,VBO,6.113728,52.480243
Staatsmanlaan,85,,,8014PT,Zwolle,Zwolle,Overijssel,VBO,6.113669,52.480279
Staatsmanlaan,87,,,8014PT,Zwolle,Zwolle,Overijssel,VBO,6.113602,52.480375
Staatsmanlaan,89,,,8014PT,Zwolle,Zwolle,Overijssel,VBO,6.113545,52.480410
Staatsmanlaan,91,,,8014PT,Zwolle,Zwolle,Overijssel,VBO,6.113501,52.480439
Staatsmanlaan,93,,,8014PT,Zwolle,Zwolle,Overijssel,VBO,6.113444,52.480476
Staatsmanlaan,95,,,8014PT,Zwolle,Zwolle,Overijssel,VBO,6.113386,52.480509
Staatsmanlaan,97,,,8014PT,Zwolle,Zwolle,Overijssel,VBO,6.113322,52.480547
Staatsmanlaan,99,,,8014PV,Zwolle,Zwolle,Overijssel,VBO,6.113236,52.480600
Staatsmanlaan,101,,,8014PV,Zwolle,Zwolle,Overijssel,VBO,6.113181,52.480635
Staatsmanlaan,103,,,8014PV,Zwolle,Zwolle,Overijssel,VBO,6.113130,52.480671
Staatsmanlaan,105,,,8014PV,Zwolle,Zwolle,Overijssel,VBO,6.113075,52.480704
Staatsmanlaan,107,,,8014PV,Zwolle,Zwolle,Overijssel,VBO,6.113015,52.480741
Staatsmanlaan,109,,,8014PV,Zwolle,Zwolle,Overijssel,VBO,6.112964,52.480774
Staatsmanlaan,111,,,8014PV,Zwolle,Zwolle,Overijssel,VBO,6.112905,52.480812
Staatsmanlaan,113,,,8014PV,Zwolle,Zwolle,Overijssel,VBO,6.112857,52.480851
Staatsmanlaan,115,,,8014PV,Zwolle,Zwolle,Overijssel,VBO,6.112686,52.480911
Staatsmanlaan,117,,,8014PV,Zwolle,Zwolle,Overijssel,VBO,6.112648,52.480951
Staatsmanlaan,119,,,8014PV,Zwolle,Zwolle,Overijssel,VBO,6.112607,52.480993
Staatsmanlaan,121,,,8014PV,Zwolle,Zwolle,Overijssel,VBO,6.112568,52.481034
Staatsmanlaan,123,,,8014PV,Zwolle,Zwolle,Overijssel,VBO,6.112525,52.481074
Staatsmanlaan,125,,,8014PV,Zwolle,Zwolle,Overijssel,VBO,6.112481,52.481114
Staatsmanlaan,127,,,8014PV,Zwolle,Zwolle,Overijssel,VBO,6.112438,52.481156
Staatsmanlaan,129,,,8014PV,Zwolle,Zwolle,Overijssel,VBO,6.112396,52.481201
Staatsmanlaan,131,,,8014PW,Zwolle,Zwolle,Overijssel,VBO,6.112058,52.481667
Staatsmanlaan,133,,,8014PW,Zwolle,Zwolle,Overijssel,VBO,6.112191,52.481481
Staatsmanlaan,135,,,8014PW,Zwolle,Zwolle,Overijssel,VBO,6.112245,52.481429
Staatsmanlaan,137,,,8014PW,Zwolle,Zwolle,Overijssel,VBO,6.112292,52.481380
Staatsmanlaan,139,,,8014PW,Zwolle,Zwolle,Overijssel,VBO,6.112407,52.481453
Staatsmanlaan,141,,,8014PW,Zwolle,Zwolle,Overijssel,VBO,6.112351,52.481507
Staatsmanlaan,143,,,8014PW,Zwolle,Zwolle,Overijssel,VBO,6.112302,52.481558
Staatsmanlaan,145,,,8014PW,Zwolle,Zwolle,Overijssel,VBO,6.112246,52.481605
Staatsmanlaan,147,,,8014PW,Zwolle,Zwolle,Overijssel,VBO,6.112240,52.481503
Staatsmanlaan,149,,,8014PW,Zwolle,Zwolle,Overijssel,VBO,6.112291,52.481454
Staatsmanlaan,151,,,8014PW,Zwolle,Zwolle,Overijssel,VBO,6.112347,52.481404
Staatsmanlaan,153,,,8014PW,Zwolle,Zwolle,Overijssel,VBO,6.112355,52.481437
Staatsmanlaan,155,,,8014PW,Zwolle,Zwolle,Overijssel,VBO,6.112296,52.481489
Staatsmanlaan,157,,,8014PW,Zwolle,Zwolle,Overijssel,VBO,6.112246,52.481537
Staatsmanlaan,159,,,8014PW,Zwolle,Zwolle,Overijssel,VBO,6.112190,52.481583
Staatsmanlaan,161,,,8014PW,Zwolle,Zwolle,Overijssel,VBO,6.111902,52.481707
Staatsmanlaan,163,,,8014PW,Zwolle,Zwolle,Overijssel,VBO,6.111805,52.481679
Staatsmanlaan,165,,,8014PW,Zwolle,Zwolle,Overijssel,VBO,6.111693,52.481639
Staatsmanlaan,167,,,8014PW,Zwolle,Zwolle,Overijssel,VBO,6.111591,52.481611
Staatsmanlaan,169,,,8014PW,Zwolle,Zwolle,Overijssel,VBO,6.111508,52.481579
Staatsmanlaan,171,,,8014PW,Zwolle,Zwolle,Overijssel,VBO,6.111665,52.481488
Staatsmanlaan,173,,,8014PW,Zwolle,Zwolle,Overijssel,VBO,6.111770,52.481527
Staatsmanlaan,175,,,8014PW,Zwolle,Zwolle,Overijssel,VBO,6.111923,52.481672
Staatsmanlaan,177,,,8014PW,Zwolle,Zwolle,Overijssel,VBO,6.111827,52.481647
Staatsmanlaan,179,,,8014PW,Zwolle,Zwolle,Overijssel,VBO,6.111722,52.481611
Staatsmanlaan,181,,,8014PW,Zwolle,Zwolle,Overijssel,VBO,6.111614,52.481581
Staatsmanlaan,183,,,8014PW,Zwolle,Zwolle,Overijssel,VBO,6.111533,52.481551
Staatsmanlaan,185,,,8014PW,Zwolle,Zwolle,Overijssel,VBO,6.111636,52.481520
Staatsmanlaan,187,,,8014PW,Zwolle,Zwolle,Overijssel,VBO,6.111739,52.481556
Staatsmanlaan,189,,,8014PW,Zwolle,Zwolle,Overijssel,VBO,6.111845,52.481590
Piersonware,1,,,8014PX,Zwolle,Zwolle,Overijssel,VBO,6.111222,52.478918
Piersonware,3,,,8014PX,Zwolle,Zwolle,Overijssel,VBO,6.111289,52.478955
Piersonware,5,,,8014PX,Zwolle,Zwolle,Overijssel,VBO,6.111358,52.478989
Piersonware,7,,,8014PX,Zwolle,Zwolle,Overijssel,VBO,6.111423,52.479020
Piersonware,9,,,8014PX,Zwolle,Zwolle,Overijssel,VBO,6.111491,52.479047
Piersonware,11,,,8014PX,Zwolle,Zwolle,Overijssel,VBO,6.111555,52.479077
Piersonware,13,,,8014PX,Zwolle,Zwolle,Overijssel,VBO,6.111668,52.479130
Piersonware,15,,,8014PX,Zwolle,Zwolle,Overijssel,VBO,6.111761,52.479163
Piersonware,17,,,8014PX,Zwolle,Zwolle,Overijssel,VBO,6.111829,52.479192
Piersonware,19,,,8014PX,Zwolle,Zwolle,Overijssel,VBO,6.111892,52.479223
Piersonware,2,,,8014PZ,Zwolle,Zwolle,Overijssel,VBO,6.111757,52.478845
Piersonware,4,,,8014PZ,Zwolle,Zwolle,Overijssel,VBO,6.111840,52.478862
Piersonware,6,,,8014PZ,Zwolle,Zwolle,Overijssel,VBO,6.111919,52.478883
Piersonware,8,,,8014PZ,Zwolle,Zwolle,Overijssel,VBO,6.111994,52.478905
Piersonware,10,,,8014PZ,Zwolle,Zwolle,Overijssel,VBO,6.112072,52.478926
Piersonware,12,,,8014PZ,Zwolle,Zwolle,Overijssel,VBO,6.112142,52.478948
Keucheniusware,50,,,8014RB,Zwolle,Zwolle,Overijssel,VBO,6.112346,52.481832
Keucheniusware,52,,,8014RB,Zwolle,Zwolle,Overijssel,VBO,6.112407,52.481855
Keucheniusware,54,,,8014RB,Zwolle,Zwolle,Overijssel,VBO,6.112482,52.481883
Keucheniusware,56,,,8014RB,Zwolle,Zwolle,Overijssel,VBO,6.112553,52.481906
Keucheniusware,58,,,8014RB,Zwolle,Zwolle,Overijssel,VBO,6.112616,52.481928
Keucheniusware,60,,,8014RB,Zwolle,Zwolle,Overijssel,VBO,6.112673,52.481941
Keucheniusware,62,,,8014RB,Zwolle,Zwolle,Overijssel,VBO,6.112882,52.482065
Keucheniusware,70,,,8014RB,Zwolle,Zwolle,Overijssel,VBO,6.113178,52.482162
Keucheniusware,72,,,8014RB,Zwolle,Zwolle,Overijssel,VBO,6.113225,52.482097
Keucheniusware,74,,,8014RB,Zwolle,Zwolle,Overijssel,VBO,6.113277,52.482040
Keucheniusware,76,,,8014RB,Zwolle,Zwolle,Overijssel,VBO,6.113215,52.482177
Keucheniusware,78,,,8014RC,Zwolle,Zwolle,Overijssel,VBO,6.113458,52.482239
Keucheniusware,80,,,8014RC,Zwolle,Zwolle,Overijssel,VBO,6.113530,52.482266
Keucheniusware,82,,,8014RC,Zwolle,Zwolle,Overijssel,VBO,6.113603,52.482291
Keucheniusware,84,,,8014RC,Zwolle,Zwolle,Overijssel,VBO,6.113674,52.482317
Keucheniusware,86,,,8014RC,Zwolle,Zwolle,Overijssel,VBO,6.113733,52.482339
Keucheniusware,88,,,8014RC,Zwolle,Zwolle,Overijssel,VBO,6.113798,52.482364
Keucheniusware,90,,,8014RC,Zwolle,Zwolle,Overijssel,VBO,6.113873,52.482388
Keucheniusware,92,,,8014RC,Zwolle,Zwolle,Overijssel,VBO,6.113946,52.482408
Keucheniusware,94,,,8014RC,Zwolle,Zwolle,Overijssel,VBO,6.114036,52.482412
Keucheniusware,96,,,8014RC,Zwolle,Zwolle,Overijssel,VBO,6.114105,52.482436
Keucheniusware,98,,,8014RC,Zwolle,Zwolle,Overijssel,VBO,6.114169,52.482456
Keucheniusware,100,,,8014RC,Zwolle,Zwolle,Overijssel,VBO,6.114239,52.482481
Keucheniusware,102,,,8014RC,Zwolle,Zwolle,Overijssel,VBO,6.114304,52.482505
Keucheniusware,104,,,8014RC,Zwolle,Zwolle,Overijssel,VBO,6.114379,52.482538
De Kempenaerware,1,,,8014RD,Zwolle,Zwolle,Overijssel,VBO,6.113831,52.480928
De Kempenaerware,3,,,8014RD,Zwolle,Zwolle,Overijssel,VBO,6.113787,52.480965
De Kempenaerware,5,,,8014RD,Zwolle,Zwolle,Overijssel,VBO,6.113730,52.481000
De Kempenaerware,7,,,8014RD,Zwolle,Zwolle,Overijssel,VBO,6.113685,52.481041
De Kempenaerware,9,,,8014RD,Zwolle,Zwolle,Overijssel,VBO,6.113629,52.481078
De Kempenaerware,11,,,8014RD,Zwolle,Zwolle,Overijssel,VBO,6.113585,52.481116
De Kempenaerware,13,,,8014RD,Zwolle,Zwolle,Overijssel,VBO,6.113539,52.481151
De Kempenaerware,15,,,8014RD,Zwolle,Zwolle,Overijssel,VBO,6.113487,52.481189
De Kempenaerware,17,,,8014RD,Zwolle,Zwolle,Overijssel,VBO,6.113569,52.481316
De Kempenaerware,19,,,8014RD,Zwolle,Zwolle,Overijssel,VBO,6.113531,52.481357
De Kempenaerware,21,,,8014RD,Zwolle,Zwolle,Overijssel,VBO,6.113479,52.481400
De Kempenaerware,23,,,8014RD,Zwolle,Zwolle,Overijssel,VBO,6.113446,52.481441
De Kempenaerware,27,,,8014RE,Zwolle,Zwolle,Overijssel,VBO,6.113030,52.481947
De Kempenaerware,29,,,8014RE,Zwolle,Zwolle,Overijssel,VBO,6.112991,52.481990
De Kempenaerware,31,,,8014RE,Zwolle,Zwolle,Overijssel,VBO,6.112948,52.482032
De Kempenaerware,2,,,8014RG,Zwolle,Zwolle,Overijssel,VBO,6.114405,52.480490
De Kempenaerware,4,,,8014RG,Zwolle,Zwolle,Overijssel,VBO,6.114397,52.480545
De Kempenaerware,6,,,8014RG,Zwolle,Zwolle,Overijssel,VBO,6.114378,52.480596
De Kempenaerware,8,,,8014RG,Zwolle,Zwolle,Overijssel,VBO,6.114360,52.480653
De Kempenaerware,10,,,8014RG,Zwolle,Zwolle,Overijssel,VBO,6.114345,52.480712
De Kempenaerware,12,,,8014RG,Zwolle,Zwolle,Overijssel,VBO,6.114327,52.480760
De Kempenaerware,14,,,8014RG,Zwolle,Zwolle,Overijssel,VBO,6.114178,52.481104
De Kempenaerware,16,,,8014RG,Zwolle,Zwolle,Overijssel,VBO,6.114154,52.481153
De Kempenaerware,18,,,8014RG,Zwolle,Zwolle,Overijssel,VBO,6.114112,52.481196
De Kempenaerware,20,,,8014RG,Zwolle,Zwolle,Overijssel,VBO,6.114073,52.481241
De Kempenaerware,22,,,8014RG,Zwolle,Zwolle,Overijssel,VBO,6.114032,52.481283
De Kempenaerware,24,,,8014RG,Zwolle,Zwolle,Overijssel,VBO,6.113993,52.481327
De Kempenaerware,26,,,8014RG,Zwolle,Zwolle,Overijssel,VBO,6.113926,52.481359
De Kempenaerware,28,,,8014RG,Zwolle,Zwolle,Overijssel,VBO,6.113886,52.481397
De Kempenaerware,30,,,8014RG,Zwolle,Zwolle,Overijssel,VBO,6.113713,52.481538
De Kempenaerware,32,,,8014RG,Zwolle,Zwolle,Overijssel,VBO,6.113689,52.481587
De Kempenaerware,34,,,8014RG,Zwolle,Zwolle,Overijssel,VBO,6.113649,52.481628
De Kempenaerware,36,,,8014RG,Zwolle,Zwolle,Overijssel,VBO,6.113610,52.481671
De Kempenaerware,38,,,8014RG,Zwolle,Zwolle,Overijssel,VBO,6.113565,52.481712
De Kempenaerware,40,,,8014RG,Zwolle,Zwolle,Overijssel,VBO,6.113516,52.481756
De Kempenaerware,42,,,8014RG,Zwolle,Zwolle,Overijssel,VBO,6.113481,52.481798
De Kempenaerware,44,,,8014RG,Zwolle,Zwolle,Overijssel,VBO,6.113438,52.481838
De Kempenaerware,46,,,8014RG,Zwolle,Zwolle,Overijssel,VBO,6.113239,52.482025
De Kempenaerware,48,,,8014RG,Zwolle,Zwolle,Overijssel,VBO,6.113189,52.482085
De Kempenaerware,50,,,8014RG,Zwolle,Zwolle,Overijssel,VBO,6.113133,52.482144
Van Hogendorpware,1,,,8014RJ,Zwolle,Zwolle,Overijssel,VBO,6.114764,52.480501
Van Hogendorpware,3,,,8014RJ,Zwolle,Zwolle,Overijssel,VBO,6.114763,52.480558
Van Hogendorpware,5,,,8014RJ,Zwolle,Zwolle,Overijssel,VBO,6.114781,52.480602
Van Hogendorpware,7,,,8014RJ,Zwolle,Zwolle,Overijssel,VBO,6.114793,52.480655
Van Hogendorpware,9,,,8014RJ,Zwolle,Zwolle,Overijssel,VBO,6.114811,52.480701
Van Hogendorpware,11,,,8014RJ,Zwolle,Zwolle,Overijssel,VBO,6.114816,52.480744
Van Hogendorpware,13,,,8014RJ,Zwolle,Zwolle,Overijssel,VBO,6.114909,52.480816
Van Hogendorpware,15,,,8014RJ,Zwolle,Zwolle,Overijssel,VBO,6.114987,52.480842
Van Hogendorpware,17,,,8014RJ,Zwolle,Zwolle,Overijssel,VBO,6.115069,52.480870
Van Hogendorpware,19,,,8014RJ,Zwolle,Zwolle,Overijssel,VBO,6.115146,52.480901
Van Hogendorpware,21,,,8014RJ,Zwolle,Zwolle,Overijssel,VBO,6.115228,52.480931
Van Hogendorpware,23,,,8014RJ,Zwolle,Zwolle,Overijssel,VBO,6.115289,52.480952
Van Hogendorpware,25,,,8014RJ,Zwolle,Zwolle,Overijssel,VBO,6.114995,52.481208
Van Hogendorpware,27,,,8014RJ,Zwolle,Zwolle,Overijssel,VBO,6.114939,52.481187
Van Hogendorpware,29,,,8014RJ,Zwolle,Zwolle,Overijssel,VBO,6.114873,52.481163
Van Hogendorpware,31,,,8014RJ,Zwolle,Zwolle,Overijssel,VBO,6.114801,52.481138
Van Hogendorpware,33,,,8014RJ,Zwolle,Zwolle,Overijssel,VBO,6.114728,52.481114
Van Hogendorpware,35,,,8014RJ,Zwolle,Zwolle,Overijssel,VBO,6.114643,52.481086
Van Hogendorpware,37,,,8014RJ,Zwolle,Zwolle,Overijssel,VBO,6.114522,52.481044
Van Hogendorpware,39,,,8014RJ,Zwolle,Zwolle,Overijssel,VBO,6.114473,52.481030
Van Hogendorpware,41,,,8014RJ,Zwolle,Zwolle,Overijssel,VBO,6.114410,52.481006
Van Hogendorpware,43,,,8014RJ,Zwolle,Zwolle,Overijssel,VBO,6.114344,52.480983
Van Hogendorpware,45,,,8014RJ,Zwolle,Zwolle,Overijssel,VBO,6.114266,52.480958
Van Hogendorpware,47,,,8014RJ,Zwolle,Zwolle,Overijssel,VBO,6.114188,52.480937
Van Hogendorpware,49,T,1,8014RJ,Zwolle,Zwolle,Overijssel,VBO,6.114308,52.481322
Van Hogendorpware,51,,,8014RK,Zwolle,Zwolle,Overijssel,VBO,6.114591,52.481317
Van Hogendorpware,53,,,8014RK,Zwolle,Zwolle,Overijssel,VBO,6.114659,52.481344
Van Hogendorpware,55,,,8014RK,Zwolle,Zwolle,Overijssel,VBO,6.114746,52.481372
Van Hogendorpware,57,,,8014RK,Zwolle,Zwolle,Overijssel,VBO,6.114830,52.481402
Van Hogendorpware,59,,,8014RK,Zwolle,Zwolle,Overijssel,VBO,6.114906,52.481417
Van Hogendorpware,61,,,8014RK,Zwolle,Zwolle,Overijssel,VBO,6.115187,52.481472
Van Hogendorpware,63,,,8014RK,Zwolle,Zwolle,Overijssel,VBO,6.115138,52.481516
Van Hogendorpware,65,,,8014RK,Zwolle,Zwolle,Overijssel,VBO,6.115087,52.481560
Van Hogendorpware,67,,,8014RK,Zwolle,Zwolle,Overijssel,VBO,6.115052,52.481607
Van Hogendorpware,69,,,8014RK,Zwolle,Zwolle,Overijssel,VBO,6.115010,52.481653
Van Hogendorpware,71,,,8014RK,Zwolle,Zwolle,Overijssel,VBO,6.114971,52.481700
Van Hogendorpware,73,,,8014RK,Zwolle,Zwolle,Overijssel,VBO,6.114922,52.481749
Van Hogendorpware,75,,,8014RK,Zwolle,Zwolle,Overijssel,VBO,6.114883,52.481807
Van Hogendorpware,77,,,8014RK,Zwolle,Zwolle,Overijssel,VBO,6.114660,52.481692
Van Hogendorpware,79,,,8014RK,Zwolle,Zwolle,Overijssel,VBO,6.114614,52.481672
Van Hogendorpware,81,,,8014RK,Zwolle,Zwolle,Overijssel,VBO,6.114565,52.481636
Van Hogendorpware,83,,,8014RK,Zwolle,Zwolle,Overijssel,VBO,6.114496,52.481608
Van Hogendorpware,85,,,8014RK,Zwolle,Zwolle,Overijssel,VBO,6.114429,52.481581
Van Hogendorpware,87,,,8014RK,Zwolle,Zwolle,Overijssel,VBO,6.114366,52.481559
Van Hogendorpware,89,,,8014RK,Zwolle,Zwolle,Overijssel,VBO,6.114259,52.481550
Van Hogendorpware,91,,,8014RK,Zwolle,Zwolle,Overijssel,VBO,6.114191,52.481525
Van Hogendorpware,93,,,8014RK,Zwolle,Zwolle,Overijssel,VBO,6.114189,52.481745
Van Hogendorpware,95,,,8014RK,Zwolle,Zwolle,Overijssel,VBO,6.114247,52.481783
Van Hogendorpware,97,,,8014RK,Zwolle,Zwolle,Overijssel,VBO,6.114333,52.481811
Van Hogendorpware,99,,,8014RK,Zwolle,Zwolle,Overijssel,VBO,6.114408,52.481843
Van Hogendorpware,101,,,8014RK,Zwolle,Zwolle,Overijssel,VBO,6.114445,52.481858
Van Hogendorpware,103,,,8014RL,Zwolle,Zwolle,Overijssel,VBO,6.114775,52.481977
Van Hogendorpware,105,,,8014RL,Zwolle,Zwolle,Overijssel,VBO,6.114734,52.482011
Van Hogendorpware,107,,,8014RL,Zwolle,Zwolle,Overijssel,VBO,6.114664,52.482053
Van Hogendorpware,109,,,8014RL,Zwolle,Zwolle,Overijssel,VBO,6.114630,52.482082
Van Hogendorpware,111,,,8014RL,Zwolle,Zwolle,Overijssel,VBO,6.114587,52.482126
Van Hogendorpware,113,,,8014RL,Zwolle,Zwolle,Overijssel,VBO,6.114544,52.482169
Van Hogendorpware,115,,,8014RL,Zwolle,Zwolle,Overijssel,VBO,6.114510,52.482221
Van Hogendorpware,117,,,8014RL,Zwolle,Zwolle,Overijssel,VBO,6.114502,52.482267
Van Hogendorpware,119,,,8014RL,Zwolle,Zwolle,Overijssel,VBO,6.114470,52.482308
Van Hogendorpware,121,,,8014RL,Zwolle,Zwolle,Overijssel,VBO,6.114289,52.482112
Van Hogendorpware,123,,,8014RL,Zwolle,Zwolle,Overijssel,VBO,6.114227,52.482080
Van Hogendorpware,125,,,8014RL,Zwolle,Zwolle,Overijssel,VBO,6.114166,52.482052
Van Hogendorpware,127,,,8014RL,Zwolle,Zwolle,Overijssel,VBO,6.114095,52.482031
Van Hogendorpware,129,,,8014RL,Zwolle,Zwolle,Overijssel,VBO,6.114022,52.482003
Van Hogendorpware,131,,,8014RL,Zwolle,Zwolle,Overijssel,VBO,6.113963,52.481988
Van Hogendorpware,133,,,8014RL,Zwolle,Zwolle,Overijssel,VBO,6.113876,52.481954
Van Hogendorpware,135,,,8014RL,Zwolle,Zwolle,Overijssel,VBO,6.113812,52.481932
Van Hogendorpware,137,,,8014RL,Zwolle,Zwolle,Overijssel,VBO,6.113734,52.481911
Van Hogendorpware,2,,,8014RM,Zwolle,Zwolle,Overijssel,VBO,6.115242,52.480426
Van Hogendorpware,4,,,8014RM,Zwolle,Zwolle,Overijssel,VBO,6.115310,52.480462
Van Hogendorpware,6,,,8014RM,Zwolle,Zwolle,Overijssel,VBO,6.115391,52.480501
Van Hogendorpware,8,,,8014RM,Zwolle,Zwolle,Overijssel,VBO,6.115469,52.480528
Van Hogendorpware,10,,,8014RM,Zwolle,Zwolle,Overijssel,VBO,6.115673,52.480615
Van Hogendorpware,12,,,8014RM,Zwolle,Zwolle,Overijssel,VBO,6.115740,52.480646
Van Hogendorpware,14,,,8014RM,Zwolle,Zwolle,Overijssel,VBO,6.115794,52.480674
Van Hogendorpware,52,,,8014RM,Zwolle,Zwolle,Overijssel,VBO,6.115866,52.480863
Van Hogendorpware,54,,,8014RM,Zwolle,Zwolle,Overijssel,VBO,6.115821,52.480906
Van Hogendorpware,56,,,8014RM,Zwolle,Zwolle,Overijssel,VBO,6.115783,52.480949
Van Hogendorpware,58,,,8014RN,Zwolle,Zwolle,Overijssel,VBO,6.115691,52.481036
Van Hogendorpware,60,,,8014RN,Zwolle,Zwolle,Overijssel,VBO,6.115651,52.481081
Van Hogendorpware,62,,,8014RN,Zwolle,Zwolle,Overijssel,VBO,6.115616,52.481126
Van Hogendorpware,64,,,8014RN,Zwolle,Zwolle,Overijssel,VBO,6.115580,52.481167
Van Hogendorpware,66,,,8014RN,Zwolle,Zwolle,Overijssel,VBO,6.115548,52.481212
Van Hogendorpware,68,,,8014RN,Zwolle,Zwolle,Overijssel,VBO,6.115513,52.481255
Van Hogendorpware,70,,,8014RN,Zwolle,Zwolle,Overijssel,VBO,6.115472,52.481300
Van Hogendorpware,72,,,8014RN,Zwolle,Zwolle,Overijssel,VBO,6.115444,52.481345
Van Hallware,1,,,8014RP,Zwolle,Zwolle,Overijssel,VBO,6.117096,52.481246
Van Hallware,3,,,8014RP,Zwolle,Zwolle,Overijssel,VBO,6.117053,52.481310
Van Hallware,5,,,8014RP,Zwolle,Zwolle,Overijssel,VBO,6.117007,52.481354
Van Hallware,7,,,8014RP,Zwolle,Zwolle,Overijssel,VBO,6.116936,52.481389
Van Hallware,9,,,8014RP,Zwolle,Zwolle,Overijssel,VBO,6.116744,52.481421
Van Hallware,11,,,8014RP,Zwolle,Zwolle,Overijssel,VBO,6.116659,52.481404
Van Hallware,13,,,8014RP,Zwolle,Zwolle,Overijssel,VBO,6.116563,52.481385
Van Hallware,15,,,8014RP,Zwolle,Zwolle,Overijssel,VBO,6.116478,52.481364
Van Hallware,17,,,8014RP,Zwolle,Zwolle,Overijssel,VBO,6.116395,52.481347
Van Hallware,19,A,,8014RP,Zwolle,Zwolle,Overijssel,VBO,6.116310,52.481080
Van Hallware,19,,,8014RP,Zwolle,Zwolle,Overijssel,VBO,6.116303,52.481330
Van Hallware,21,,,8014RP,Zwolle,Zwolle,Overijssel,VBO,6.115985,52.481326
Van Hallware,23,,,8014RP,Zwolle,Zwolle,Overijssel,VBO,6.115957,52.481375
Van Hallware,25,,,8014RP,Zwolle,Zwolle,Overijssel,VBO,6.115913,52.481431
Van Hallware,27,,,8014RP,Zwolle,Zwolle,Overijssel,VBO,6.115869,52.481488
Van Hallware,29,,,8014RP,Zwolle,Zwolle,Overijssel,VBO,6.115837,52.481534
Van Hallware,31,,,8014RP,Zwolle,Zwolle,Overijssel,VBO,6.115798,52.481581
Van Hallware,33,,,8014RP,Zwolle,Zwolle,Overijssel,VBO,6.115756,52.481633
Van Hallware,35,,,8014RP,Zwolle,Zwolle,Overijssel,VBO,6.115719,52.481680
Van Hallware,37,,,8014RP,Zwolle,Zwolle,Overijssel,VBO,6.115679,52.481728
Van Hallware,39,,,8014RP,Zwolle,Zwolle,Overijssel,VBO,6.115638,52.481772
Van Hallware,41,,,8014RP,Zwolle,Zwolle,Overijssel,VBO,6.115643,52.481877
Van Hallware,43,,,8014RP,Zwolle,Zwolle,Overijssel,VBO,6.115608,52.481923
Van Hallware,45,,,8014RP,Zwolle,Zwolle,Overijssel,VBO,6.115580,52.481966
Van Hallware,47,,,8014RP,Zwolle,Zwolle,Overijssel,VBO,6.115544,52.482003
Van Hallware,49,,,8014RP,Zwolle,Zwolle,Overijssel,VBO,6.115403,52.482072
Van Hallware,51,,,8014RP,Zwolle,Zwolle,Overijssel,VBO,6.115462,52.482084
Van Hallware,53,,,8014RP,Zwolle,Zwolle,Overijssel,VBO,6.115393,52.482042
Van Hallware,55,,,8014RP,Zwolle,Zwolle,Overijssel,VBO,6.115441,52.482055
Van Hallware,57,,,8014RP,Zwolle,Zwolle,Overijssel,VBO,6.115488,52.482065
Van Hallware,59,,,8014RP,Zwolle,Zwolle,Overijssel,VBO,6.115494,52.482105
Van Hallware,2,,,8014RR,Zwolle,Zwolle,Overijssel,VBO,6.117393,52.481426
Van Hallware,4,,,8014RR,Zwolle,Zwolle,Overijssel,VBO,6.117452,52.481464
Van Hallware,6,,,8014RR,Zwolle,Zwolle,Overijssel,VBO,6.117523,52.481495
Van Hallware,8,,,8014RR,Zwolle,Zwolle,Overijssel,VBO,6.117598,52.481529
Van Hallware,10,,,8014RR,Zwolle,Zwolle,Overijssel,VBO,6.117661,52.481553
Van Hallware,12,,,8014RR,Zwolle,Zwolle,Overijssel,VBO,6.117721,52.481573
Van Hallware,14,,,8014RR,Zwolle,Zwolle,Overijssel,VBO,6.117077,52.481604
Van Hallware,16,,,8014RR,Zwolle,Zwolle,Overijssel,VBO,6.117122,52.481653
Van Hallware,18,,,8014RR,Zwolle,Zwolle,Overijssel,VBO,6.117149,52.481695
Van Hallware,20,,,8014RR,Zwolle,Zwolle,Overijssel,VBO,6.117156,52.481736
Van Hallware,22,,,8014RS,Zwolle,Zwolle,Overijssel,VBO,6.117359,52.481874
Van Hallware,24,,,8014RS,Zwolle,Zwolle,Overijssel,VBO,6.117280,52.481918
Van Hallware,26,,,8014RS,Zwolle,Zwolle,Overijssel,VBO,6.117200,52.481936
Van Hallware,28,,,8014RS,Zwolle,Zwolle,Overijssel,VBO,6.117056,52.481966
Van Hallware,30,,,8014RS,Zwolle,Zwolle,Overijssel,VBO,6.116969,52.481983
Van Hallware,32,,,8014RS,Zwolle,Zwolle,Overijssel,VBO,6.116902,52.481997
Van Hallware,34,,,8014RS,Zwolle,Zwolle,Overijssel,VBO,6.116790,52.481974
Van Hallware,70,,,8014RT,Zwolle,Zwolle,Overijssel,VBO,6.116897,52.481801
Van Hallware,72,,,8014RT,Zwolle,Zwolle,Overijssel,VBO,6.116876,52.481757
Van Hallware,74,,,8014RT,Zwolle,Zwolle,Overijssel,VBO,6.116849,52.481707
Van Hallware,76,,,8014RT,Zwolle,Zwolle,Overijssel,VBO,6.116821,52.481655
Van Hallware,78,,,8014RT,Zwolle,Zwolle,Overijssel,VBO,6.116501,52.481693
Van Hallware,80,,,8014RT,Zwolle,Zwolle,Overijssel,VBO,6.116439,52.481676
Van Hallware,82,,,8014RT,Zwolle,Zwolle,Overijssel,VBO,6.116366,52.481655
Van Hallware,84,,,8014RT,Zwolle,Zwolle,Overijssel,VBO,6.116287,52.481632
Van Hallware,86,,,8014RT,Zwolle,Zwolle,Overijssel,VBO,6.116211,52.481614
Van Hallware,88,,,8014RT,Zwolle,Zwolle,Overijssel,VBO,6.116007,52.481876
Van Hallware,90,,,8014RT,Zwolle,Zwolle,Overijssel,VBO,6.116082,52.481895
Van Hallware,92,,,8014RT,Zwolle,Zwolle,Overijssel,VBO,6.116157,52.481917
Van Hallware,94,,,8014RT,Zwolle,Zwolle,Overijssel,VBO,6.116232,52.481938
Van Hallware,96,,,8014RT,Zwolle,Zwolle,Overijssel,VBO,6.116295,52.481959
Van Hallware,98,,,8014RT,Zwolle,Zwolle,Overijssel,VBO,6.116357,52.481983
Van Hallware,100,,,8014RT,Zwolle,Zwolle,Overijssel,VBO,6.116342,52.482231
Van Hallware,102,,,8014RT,Zwolle,Zwolle,Overijssel,VBO,6.116289,52.482214
Van Hallware,104,,,8014RT,Zwolle,Zwolle,Overijssel,VBO,6.116217,52.482193
Van Hallware,106,,,8014RT,Zwolle,Zwolle,Overijssel,VBO,6.116143,52.482172
Van Hallware,108,,,8014RT,Zwolle,Zwolle,Overijssel,VBO,6.116068,52.482150
Van Hallware,110,,,8014RT,Zwolle,Zwolle,Overijssel,VBO,6.115985,52.482125
Van Hallware,112,,,8014RT,Zwolle,Zwolle,Overijssel,VBO,6.115904,52.482098
Van Hallware,114,,,8014RT,Zwolle,Zwolle,Overijssel,VBO,6.115548,52.482323
Van Hallware,116,,,8014RT,Zwolle,Zwolle,Overijssel,VBO,6.115638,52.482352
Van Hallware,118,,,8014RT,Zwolle,Zwolle,Overijssel,VBO,6.115687,52.482393
Van Hallware,120,,,8014RT,Zwolle,Zwolle,Overijssel,VBO,6.115756,52.482418
Van Hallware,122,,,8014RT,Zwolle,Zwolle,Overijssel,VBO,6.115792,52.482443
Van Hallware,124,,,8014RT,Zwolle,Zwolle,Overijssel,VBO,6.115874,52.482461
Van Hallware,126,,,8014RT,Zwolle,Zwolle,Overijssel,VBO,6.115928,52.482497
Van Hallware,128,,,8014RT,Zwolle,Zwolle,Overijssel,VBO,6.115997,52.482526
Van Hallware,130,,,8014RT,Zwolle,Zwolle,Overijssel,VBO,6.116308,52.482676
Van Hallware,132,,,8014RT,Zwolle,Zwolle,Overijssel,VBO,6.116385,52.482703
Mackayware,1,,,8014RV,Zwolle,Zwolle,Overijssel,VBO,6.111134,52.476851
Mackayware,3,,,8014RV,Zwolle,Zwolle,Overijssel,VBO,6.111102,52.476900
Mackayware,5,,,8014RV,Zwolle,Zwolle,Overijssel,VBO,6.111113,52.476953
Mackayware,7,,,8014RV,Zwolle,Zwolle,Overijssel,VBO,6.111066,52.476999
Mackayware,9,,,8014RV,Zwolle,Zwolle,Overijssel,VBO,6.111036,52.477048
Mackayware,11,,,8014RV,Zwolle,Zwolle,Overijssel,VBO,6.111017,52.477099
Mackayware,13,,,8014RV,Zwolle,Zwolle,Overijssel,VBO,6.110989,52.477146
Mackayware,15,,,8014RV,Zwolle,Zwolle,Overijssel,VBO,6.110961,52.477193
Mackayware,17,,,8014RV,Zwolle,Zwolle,Overijssel,VBO,6.110935,52.477243
Mackayware,19,,,8014RV,Zwolle,Zwolle,Overijssel,VBO,6.110902,52.477292
Mackayware,21,,,8014RV,Zwolle,Zwolle,Overijssel,VBO,6.110876,52.477341
Mackayware,23,,,8014RV,Zwolle,Zwolle,Overijssel,VBO,6.110848,52.477388
Mackayware,25,,,8014RV,Zwolle,Zwolle,Overijssel,VBO,6.110819,52.477436
Mackayware,27,,,8014RV,Zwolle,Zwolle,Overijssel,VBO,6.110793,52.477488
Mackayware,29,,,8014RV,Zwolle,Zwolle,Overijssel,VBO,6.110740,52.477529
Mackayware,31,,,8014RV,Zwolle,Zwolle,Overijssel,VBO,6.110717,52.477580
Mackayware,2,,,8014RW,Zwolle,Zwolle,Overijssel,VBO,6.111610,52.476322
Mackayware,4,,,8014RW,Zwolle,Zwolle,Overijssel,VBO,6.111559,52.476371
Mackayware,6,,,8014RW,Zwolle,Zwolle,Overijssel,VBO,6.111516,52.476410
Mackayware,8,,,8014RW,Zwolle,Zwolle,Overijssel,VBO,6.111466,52.476457
Mackayware,10,,,8014RW,Zwolle,Zwolle,Overijssel,VBO,6.111441,52.476509
Mackayware,12,,,8014RW,Zwolle,Zwolle,Overijssel,VBO,6.111415,52.476557
Mackayware,14,,,8014RW,Zwolle,Zwolle,Overijssel,VBO,6.111389,52.476607
Mackayware,16,,,8014RW,Zwolle,Zwolle,Overijssel,VBO,6.111372,52.476658
Mackayware,18,,,8014RW,Zwolle,Zwolle,Overijssel,VBO,6.111375,52.476709
Mackayware,20,,,8014RW,Zwolle,Zwolle,Overijssel,VBO,6.111349,52.476764
Mackayware,22,,,8014RW,Zwolle,Zwolle,Overijssel,VBO,6.111440,52.476938
Mackayware,24,,,8014RW,Zwolle,Zwolle,Overijssel,VBO,6.111530,52.476955
Mackayware,26,,,8014RW,Zwolle,Zwolle,Overijssel,VBO,6.111584,52.476989
Mackayware,28,,,8014RW,Zwolle,Zwolle,Overijssel,VBO,6.111680,52.477010
Mackayware,30,,,8014RW,Zwolle,Zwolle,Overijssel,VBO,6.111757,52.477026
Mackayware,32,,,8014RW,Zwolle,Zwolle,Overijssel,VBO,6.111835,52.477040
Mackayware,34,,,8014RW,Zwolle,Zwolle,Overijssel,VBO,6.112005,52.477029
Mackayware,36,,,8014RW,Zwolle,Zwolle,Overijssel,VBO,6.112080,52.476993
Mackayware,38,,,8014RW,Zwolle,Zwolle,Overijssel,VBO,6.112148,52.476963
Mackayware,40,,,8014RW,Zwolle,Zwolle,Overijssel,VBO,6.112219,52.476934
Mackayware,42,,,8014RW,Zwolle,Zwolle,Overijssel,VBO,6.112521,52.477344
Mackayware,44,,,8014RW,Zwolle,Zwolle,Overijssel,VBO,6.112447,52.477331
Mackayware,46,,,8014RW,Zwolle,Zwolle,Overijssel,VBO,6.112354,52.477352
Mackayware,48,,,8014RW,Zwolle,Zwolle,Overijssel,VBO,6.112268,52.477339
Mackayware,50,,,8014RW,Zwolle,Zwolle,Overijssel,VBO,6.112188,52.477331
Mackayware,52,,,8014RW,Zwolle,Zwolle,Overijssel,VBO,6.112096,52.477328
Mackayware,54,T,1,8014RX,Zwolle,Zwolle,Overijssel,VBO,6.111884,52.477251
Mackayware,56,,,8014RX,Zwolle,Zwolle,Overijssel,VBO,6.111775,52.477245
Mackayware,58,,,8014RX,Zwolle,Zwolle,Overijssel,VBO,6.111696,52.477230
Mackayware,60,,,8014RX,Zwolle,Zwolle,Overijssel,VBO,6.111620,52.477210
Mackayware,62,,,8014RX,Zwolle,Zwolle,Overijssel,VBO,6.111539,52.477192
Mackayware,64,,,8014RX,Zwolle,Zwolle,Overijssel,VBO,6.111456,52.477174
Mackayware,66,,,8014RX,Zwolle,Zwolle,Overijssel,VBO,6.111355,52.477160
Mackayware,68,,,8014RX,Zwolle,Zwolle,Overijssel,VBO,6.111214,52.477422
Mackayware,70,,,8014RX,Zwolle,Zwolle,Overijssel,VBO,6.111314,52.477447
Mackayware,72,,,8014RX,Zwolle,Zwolle,Overijssel,VBO,6.111394,52.477463
Mackayware,74,,,8014RX,Zwolle,Zwolle,Overijssel,VBO,6.111474,52.477477
Mackayware,76,,,8014RX,Zwolle,Zwolle,Overijssel,VBO,6.111550,52.477496
Mackayware,78,,,8014RX,Zwolle,Zwolle,Overijssel,VBO,6.111617,52.477516
Mackayware,80,,,8014RX,Zwolle,Zwolle,Overijssel,VBO,6.111715,52.477502
Mackayware,82,,,8014RX,Zwolle,Zwolle,Overijssel,VBO,6.111795,52.477518
Mackayware,84,,,8014RX,Zwolle,Zwolle,Overijssel,VBO,6.111881,52.477537
Mackayware,86,,,8014RX,Zwolle,Zwolle,Overijssel,VBO,6.111965,52.477555
Mackayware,88,,,8014RX,Zwolle,Zwolle,Overijssel,VBO,6.112033,52.477575
Mackayware,90,,,8014RX,Zwolle,Zwolle,Overijssel,VBO,6.112112,52.477589
Mackayware,92,,,8014RX,Zwolle,Zwolle,Overijssel,VBO,6.112170,52.477644
Mackayware,94,,,8014RX,Zwolle,Zwolle,Overijssel,VBO,6.112241,52.477658
Mackayware,96,,,8014RX,Zwolle,Zwolle,Overijssel,VBO,6.112317,52.477710
Mackayware,98,,,8014RX,Zwolle,Zwolle,Overijssel,VBO,6.112388,52.477721
Mackayware,100,,,8014RZ,Zwolle,Zwolle,Overijssel,VBO,6.112383,52.477869
Mackayware,102,,,8014RZ,Zwolle,Zwolle,Overijssel,VBO,6.112316,52.477857
Mackayware,104,,,8014RZ,Zwolle,Zwolle,Overijssel,VBO,6.112217,52.477870
Mackayware,106,,,8014RZ,Zwolle,Zwolle,Overijssel,VBO,6.112145,52.477856
Mackayware,108,,,8014RZ,Zwolle,Zwolle,Overijssel,VBO,6.112063,52.477847
Mackayware,110,,,8014RZ,Zwolle,Zwolle,Overijssel,VBO,6.111981,52.477837
Mackayware,112,,,8014RZ,Zwolle,Zwolle,Overijssel,VBO,6.111901,52.477824
Mackayware,114,,,8014RZ,Zwolle,Zwolle,Overijssel,VBO,6.111803,52.477812
Mackayware,116,,,8014RZ,Zwolle,Zwolle,Overijssel,VBO,6.111454,52.477738
Mackayware,118,,,8014RZ,Zwolle,Zwolle,Overijssel,VBO,6.111395,52.477723
Mackayware,120,,,8014RZ,Zwolle,Zwolle,Overijssel,VBO,6.111317,52.477707
Mackayware,122,,,8014RZ,Zwolle,Zwolle,Overijssel,VBO,6.111222,52.477689
Mackayware,124,,,8014RZ,Zwolle,Zwolle,Overijssel,VBO,6.111155,52.477687
Mackayware,126,,,8014RZ,Zwolle,Zwolle,Overijssel,VBO,6.111052,52.477668
De Meesterware,1,,,8014SB,Zwolle,Zwolle,Overijssel,VBO,6.110945,52.478388
De Meesterware,3,,,8014SB,Zwolle,Zwolle,Overijssel,VBO,6.110872,52.478358
De Meesterware,5,,,8014SB,Zwolle,Zwolle,Overijssel,VBO,6.110805,52.478331
De Meesterware,7,,,8014SB,Zwolle,Zwolle,Overijssel,VBO,6.110728,52.478299
De Meesterware,9,,,8014SB,Zwolle,Zwolle,Overijssel,VBO,6.110617,52.478101
De Meesterware,11,,,8014SB,Zwolle,Zwolle,Overijssel,VBO,6.110643,52.478047
De Meesterware,13,,,8014SB,Zwolle,Zwolle,Overijssel,VBO,6.110587,52.477986
De Meesterware,15,,,8014SB,Zwolle,Zwolle,Overijssel,VBO,6.110621,52.477936
De Meesterware,17,,,8014SB,Zwolle,Zwolle,Overijssel,VBO,6.110652,52.477884
De Meesterware,19,,,8014SB,Zwolle,Zwolle,Overijssel,VBO,6.110675,52.477843
De Meesterware,21,,,8014SB,Zwolle,Zwolle,Overijssel,VBO,6.110763,52.477804
De Meesterware,23,,,8014SB,Zwolle,Zwolle,Overijssel,VBO,6.110798,52.477756
De Meesterware,2,,,8014SC,Zwolle,Zwolle,Overijssel,VBO,6.110973,52.478829
De Meesterware,4,,,8014SC,Zwolle,Zwolle,Overijssel,VBO,6.110909,52.478808
De Meesterware,6,,,8014SC,Zwolle,Zwolle,Overijssel,VBO,6.110844,52.478777
De Meesterware,8,,,8014SC,Zwolle,Zwolle,Overijssel,VBO,6.110773,52.478746
De Meesterware,10,,,8014SC,Zwolle,Zwolle,Overijssel,VBO,6.110705,52.478717
De Meesterware,12,,,8014SC,Zwolle,Zwolle,Overijssel,VBO,6.110634,52.478688
De Meesterware,14,,,8014SC,Zwolle,Zwolle,Overijssel,VBO,6.110561,52.478661
De Meesterware,16,,,8014SC,Zwolle,Zwolle,Overijssel,VBO,6.110466,52.478637
De Meesterware,18,,,8014SC,Zwolle,Zwolle,Overijssel,VBO,6.110431,52.478596
De Meesterware,20,,,8014SC,Zwolle,Zwolle,Overijssel,VBO,6.110357,52.478570
De Meesterware,22,,,8014SC,Zwolle,Zwolle,Overijssel,VBO,6.110279,52.478429
De Meesterware,24,,,8014SC,Zwolle,Zwolle,Overijssel,VBO,6.110291,52.478374
De Meesterware,26,,,8014SC,Zwolle,Zwolle,Overijssel,VBO,6.110307,52.478322
De Meesterware,28,,,8014SC,Zwolle,Zwolle,Overijssel,VBO,6.110333,52.478275
Van Bosseware,1,T,1,8014TA,Zwolle,Zwolle,Overijssel,VBO,6.117495,52.479897
Van Bosseware,1,,,8014TA,Zwolle,Zwolle,Overijssel,VBO,6.117781,52.479767
Van Bosseware,2,,,8014TA,Zwolle,Zwolle,Overijssel,VBO,6.117860,52.479455
Van Bosseware,3,,,8014TA,Zwolle,Zwolle,Overijssel,VBO,6.117846,52.479801
Van Bosseware,4,,,8014TA,Zwolle,Zwolle,Overijssel,VBO,6.117884,52.479506
Van Bosseware,5,,,8014TA,Zwolle,Zwolle,Overijssel,VBO,6.117911,52.479834
Van Bosseware,6,,,8014TA,Zwolle,Zwolle,Overijssel,VBO,6.117915,52.479559
Van Bosseware,7,,,8014TA,Zwolle,Zwolle,Overijssel,VBO,6.117986,52.479867
Van Bosseware,8,,,8014TA,Zwolle,Zwolle,Overijssel,VBO,6.118105,52.479596
Van Bosseware,9,,,8014TA,Zwolle,Zwolle,Overijssel,VBO,6.118055,52.479902
Van Bosseware,10,,,8014TA,Zwolle,Zwolle,Overijssel,VBO,6.118170,52.479628
Van Bosseware,11,,,8014TA,Zwolle,Zwolle,Overijssel,VBO,6.118131,52.479932
Van Bosseware,12,,,8014TA,Zwolle,Zwolle,Overijssel,VBO,6.118238,52.479661
Van Bosseware,13,,,8014TA,Zwolle,Zwolle,Overijssel,VBO,6.118202,52.479967
Van Bosseware,14,,,8014TA,Zwolle,Zwolle,Overijssel,VBO,6.118306,52.479689
Van Bosseware,15,,,8014TA,Zwolle,Zwolle,Overijssel,VBO,6.118276,52.479997
Van Bosseware,16,,,8014TA,Zwolle,Zwolle,Overijssel,VBO,6.118370,52.479717
Van Bosseware,17,,,8014TA,Zwolle,Zwolle,Overijssel,VBO,6.118323,52.480021
Van Bosseware,18,,,8014TA,Zwolle,Zwolle,Overijssel,VBO,6.118445,52.479755
Van Bosseware,20,,,8014TA,Zwolle,Zwolle,Overijssel,VBO,6.118512,52.479786
Van Bosseware,22,,,8014TA,Zwolle,Zwolle,Overijssel,VBO,6.118572,52.479810
Van Bosseware,19,,,8014TB,Zwolle,Zwolle,Overijssel,VBO,6.117501,52.480839
Van Bosseware,21,,,8014TB,Zwolle,Zwolle,Overijssel,VBO,6.117460,52.480888
Van Bosseware,23,,,8014TB,Zwolle,Zwolle,Overijssel,VBO,6.117412,52.480928
Van Bosseware,24,,,8014TB,Zwolle,Zwolle,Overijssel,VBO,6.118441,52.480262
Van Bosseware,25,,,8014TB,Zwolle,Zwolle,Overijssel,VBO,6.117363,52.480970
Van Bosseware,26,,,8014TB,Zwolle,Zwolle,Overijssel,VBO,6.118398,52.480302
Van Bosseware,27,,,8014TB,Zwolle,Zwolle,Overijssel,VBO,6.117312,52.481015
Van Bosseware,28,,,8014TB,Zwolle,Zwolle,Overijssel,VBO,6.118356,52.480344
Van Bosseware,29,,,8014TB,Zwolle,Zwolle,Overijssel,VBO,6.117261,52.481057
Van Bosseware,30,,,8014TB,Zwolle,Zwolle,Overijssel,VBO,6.118300,52.480388
Van Bosseware,31,,,8014TB,Zwolle,Zwolle,Overijssel,VBO,6.117206,52.481099
Van Bosseware,32,,,8014TB,Zwolle,Zwolle,Overijssel,VBO,6.118251,52.480430
Van Bosseware,33,,,8014TB,Zwolle,Zwolle,Overijssel,VBO,6.117117,52.481154
Van Bosseware,34,,,8014TB,Zwolle,Zwolle,Overijssel,VBO,6.118199,52.480474
Van Bosseware,36,,,8014TB,Zwolle,Zwolle,Overijssel,VBO,6.118122,52.480518
Van Bosseware,38,,,8014TB,Zwolle,Zwolle,Overijssel,VBO,6.118051,52.480582
Van Bosseware,40,,,8014TB,Zwolle,Zwolle,Overijssel,VBO,6.118034,52.480636
Van Bosseware,42,,,8014TB,Zwolle,Zwolle,Overijssel,VBO,6.118003,52.480686
Van Bosseware,44,,,8014TB,Zwolle,Zwolle,Overijssel,VBO,6.117968,52.480735
Van Bosseware,46,,,8014TB,Zwolle,Zwolle,Overijssel,VBO,6.117923,52.480785
Van Bosseware,48,,,8014TB,Zwolle,Zwolle,Overijssel,VBO,6.117879,52.480828
Van Bosseware,50,,,8014TC,Zwolle,Zwolle,Overijssel,VBO,6.117868,52.481005
Van Bosseware,52,,,8014TC,Zwolle,Zwolle,Overijssel,VBO,6.117808,52.481045
Van Bosseware,54,,,8014TC,Zwolle,Zwolle,Overijssel,VBO,6.117755,52.481087
Van Bosseware,56,,,8014TC,Zwolle,Zwolle,Overijssel,VBO,6.117711,52.481126
Van Bosseware,58,,,8014TC,Zwolle,Zwolle,Overijssel,VBO,6.117657,52.481170
Van Bosseware,60,,,8014TC,Zwolle,Zwolle,Overijssel,VBO,6.117606,52.481210
Van Bosseware,62,,,8014TC,Zwolle,Zwolle,Overijssel,VBO,6.117536,52.481250
Van Bosseware,64,,,8014TC,Zwolle,Zwolle,Overijssel,VBO,6.118217,52.480948
Van Bosseware,66,,,8014TC,Zwolle,Zwolle,Overijssel,VBO,6.118283,52.480909
Van Bosseware,68,,,8014TC,Zwolle,Zwolle,Overijssel,VBO,6.118337,52.480868
Van Bosseware,70,,,8014TC,Zwolle,Zwolle,Overijssel,VBO,6.118382,52.480828
Van Bosseware,72,,,8014TC,Zwolle,Zwolle,Overijssel,VBO,6.118439,52.480785
Van Bosseware,74,,,8014TC,Zwolle,Zwolle,Overijssel,VBO,6.118491,52.480743
Van Bosseware,76,,,8014TC,Zwolle,Zwolle,Overijssel,VBO,6.118546,52.480698
Van Bosseware,78,,,8014TC,Zwolle,Zwolle,Overijssel,VBO,6.118586,52.480654
Van Bosseware,80,,,8014TC,Zwolle,Zwolle,Overijssel,VBO,6.118642,52.480598
Van Bosseware,82,,,8014TC,Zwolle,Zwolle,Overijssel,VBO,6.118690,52.480557
Van Bosseware,84,,,8014TC,Zwolle,Zwolle,Overijssel,VBO,6.118735,52.480512
Van Bosseware,86,,,8014TC,Zwolle,Zwolle,Overijssel,VBO,6.118780,52.480461
Van Bosseware,88,,,8014TC,Zwolle,Zwolle,Overijssel,VBO,6.118821,52.480416
Van Bosseware,90,,,8014TC,Zwolle,Zwolle,Overijssel,VBO,6.118855,52.480360
Ariensware,2,,,8014TE,Zwolle,Zwolle,Overijssel,VBO,6.118309,52.479511
Ariensware,4,,,8014TE,Zwolle,Zwolle,Overijssel,VBO,6.118369,52.479478
Ariensware,6,,,8014TE,Zwolle,Zwolle,Overijssel,VBO,6.118413,52.479434
Ariensware,8,,,8014TE,Zwolle,Zwolle,Overijssel,VBO,6.118461,52.479388
Ariensware,10,,,8014TE,Zwolle,Zwolle,Overijssel,VBO,6.118490,52.479336
Ariensware,12,,,8014TE,Zwolle,Zwolle,Overijssel,VBO,6.118815,52.479400
Ariensware,14,,,8014TE,Zwolle,Zwolle,Overijssel,VBO,6.118890,52.479430
Ariensware,16,,,8014TE,Zwolle,Zwolle,Overijssel,VBO,6.118960,52.479460
Ariensware,18,,,8014TE,Zwolle,Zwolle,Overijssel,VBO,6.119027,52.479487
Ariensware,20,,,8014TE,Zwolle,Zwolle,Overijssel,VBO,6.119098,52.479515
Ariensware,22,,,8014TE,Zwolle,Zwolle,Overijssel,VBO,6.119171,52.479551
Ariensware,24,,,8014TE,Zwolle,Zwolle,Overijssel,VBO,6.119245,52.479578
Ariensware,26,,,8014TE,Zwolle,Zwolle,Overijssel,VBO,6.119314,52.479610
Ariensware,28,,,8014TE,Zwolle,Zwolle,Overijssel,VBO,6.119377,52.479629
Ariensware,30,,,8014TE,Zwolle,Zwolle,Overijssel,VBO,6.119393,52.479733
Ariensware,32,,,8014TE,Zwolle,Zwolle,Overijssel,VBO,6.119395,52.479797
Ariensware,34,,,8014TE,Zwolle,Zwolle,Overijssel,VBO,6.119388,52.479852
Ariensware,36,,,8014TE,Zwolle,Zwolle,Overijssel,VBO,6.119380,52.479895
Ariensware,1,,,8014TG,Zwolle,Zwolle,Overijssel,VBO,6.118653,52.480174
Ariensware,3,,,8014TG,Zwolle,Zwolle,Overijssel,VBO,6.118697,52.480126
Ariensware,5,,,8014TG,Zwolle,Zwolle,Overijssel,VBO,6.118755,52.480079
Ariensware,7,,,8014TG,Zwolle,Zwolle,Overijssel,VBO,6.118810,52.480049
Ariensware,9,,,8014TG,Zwolle,Zwolle,Overijssel,VBO,6.118849,52.479996
Ariensware,11,,,8014TG,Zwolle,Zwolle,Overijssel,VBO,6.118890,52.479952
Ariensware,13,,,8014TG,Zwolle,Zwolle,Overijssel,VBO,6.118941,52.479905
Ariensware,15,,,8014TG,Zwolle,Zwolle,Overijssel,VBO,6.118986,52.479870
Ariensware,17,,,8014TG,Zwolle,Zwolle,Overijssel,VBO,6.119035,52.479828
Ariensware,19,,,8014TG,Zwolle,Zwolle,Overijssel,VBO,6.119096,52.479790
Donker Curtiusware,1,,,8014TJ,Zwolle,Zwolle,Overijssel,VBO,6.117594,52.478908
Donker Curtiusware,3,,,8014TJ,Zwolle,Zwolle,Overijssel,VBO,6.117532,52.478886
Donker Curtiusware,5,,,8014TJ,Zwolle,Zwolle,Overijssel,VBO,6.117459,52.478858
Donker Curtiusware,7,,,8014TJ,Zwolle,Zwolle,Overijssel,VBO,6.117380,52.478825
Donker Curtiusware,9,,,8014TJ,Zwolle,Zwolle,Overijssel,VBO,6.117300,52.478793
Donker Curtiusware,11,,,8014TJ,Zwolle,Zwolle,Overijssel,VBO,6.117179,52.478754
Donker Curtiusware,13,,,8014TJ,Zwolle,Zwolle,Overijssel,VBO,6.117117,52.478737
Donker Curtiusware,15,,,8014TJ,Zwolle,Zwolle,Overijssel,VBO,6.117037,52.478716
Donker Curtiusware,17,,,8014TJ,Zwolle,Zwolle,Overijssel,VBO,6.116960,52.478693
Donker Curtiusware,19,,,8014TJ,Zwolle,Zwolle,Overijssel,VBO,6.116879,52.478669
Donker Curtiusware,21,,,8014TJ,Zwolle,Zwolle,Overijssel,VBO,6.116807,52.478646
Donker Curtiusware,23,,,8014TK,Zwolle,Zwolle,Overijssel,VBO,6.116577,52.478510
Donker Curtiusware,25,,,8014TK,Zwolle,Zwolle,Overijssel,VBO,6.116552,52.478561
Donker Curtiusware,27,,,8014TK,Zwolle,Zwolle,Overijssel,VBO,6.116507,52.478608
Donker Curtiusware,29,,,8014TK,Zwolle,Zwolle,Overijssel,VBO,6.116450,52.478649
Donker Curtiusware,31,,,8014TK,Zwolle,Zwolle,Overijssel,VBO,6.116390,52.478683
Donker Curtiusware,33,,,8014TK,Zwolle,Zwolle,Overijssel,VBO,6.116375,52.478731
Donker Curtiusware,35,,,8014TK,Zwolle,Zwolle,Overijssel,VBO,6.116330,52.478783
Donker Curtiusware,37,,,8014TK,Zwolle,Zwolle,Overijssel,VBO,6.116285,52.478832
Donker Curtiusware,39,,,8014TK,Zwolle,Zwolle,Overijssel,VBO,6.116242,52.478876
Donker Curtiusware,41,,,8014TK,Zwolle,Zwolle,Overijssel,VBO,6.116181,52.478911
Donker Curtiusware,43,,,8014TK,Zwolle,Zwolle,Overijssel,VBO,6.116109,52.478973
Donker Curtiusware,45,,,8014TK,Zwolle,Zwolle,Overijssel,VBO,6.116062,52.479007
Donker Curtiusware,47,,,8014TK,Zwolle,Zwolle,Overijssel,VBO,6.115997,52.479038
Donker Curtiusware,49,,,8014TK,Zwolle,Zwolle,Overijssel,VBO,6.115933,52.479072
Donker Curtiusware,51,,,8014TK,Zwolle,Zwolle,Overijssel,VBO,6.115865,52.479108
Donker Curtiusware,53,,,8014TK,Zwolle,Zwolle,Overijssel,VBO,6.115802,52.479142
Donker Curtiusware,55,,,8014TK,Zwolle,Zwolle,Overijssel,VBO,6.115734,52.479174
Donker Curtiusware,57,,,8014TK,Zwolle,Zwolle,Overijssel,VBO,6.115644,52.479201
Donker Curtiusware,2,,,8014TL,Zwolle,Zwolle,Overijssel,VBO,6.117193,52.479121
Donker Curtiusware,4,,,8014TL,Zwolle,Zwolle,Overijssel,VBO,6.117108,52.479127
Donker Curtiusware,6,,,8014TL,Zwolle,Zwolle,Overijssel,VBO,6.117031,52.479123
Donker Curtiusware,8,,,8014TL,Zwolle,Zwolle,Overijssel,VBO,6.116934,52.479116
Donker Curtiusware,10,,,8014TL,Zwolle,Zwolle,Overijssel,VBO,6.116851,52.479112
Donker Curtiusware,12,,,8014TL,Zwolle,Zwolle,Overijssel,VBO,6.116765,52.479098
Donker Curtiusware,14,,,8014TL,Zwolle,Zwolle,Overijssel,VBO,6.116576,52.479117
Donker Curtiusware,16,,,8014TL,Zwolle,Zwolle,Overijssel,VBO,6.116499,52.479141
Donker Curtiusware,18,,,8014TL,Zwolle,Zwolle,Overijssel,VBO,6.116421,52.479159
Donker Curtiusware,20,,,8014TL,Zwolle,Zwolle,Overijssel,VBO,6.116331,52.479176
Donker Curtiusware,22,,,8014TL,Zwolle,Zwolle,Overijssel,VBO,6.116248,52.479196
Donker Curtiusware,24,,,8014TL,Zwolle,Zwolle,Overijssel,VBO,6.116158,52.479203
Donker Curtiusware,26,,,8014TM,Zwolle,Zwolle,Overijssel,VBO,6.115587,52.479336
Donker Curtiusware,28,,,8014TM,Zwolle,Zwolle,Overijssel,VBO,6.115539,52.479377
Donker Curtiusware,30,,,8014TM,Zwolle,Zwolle,Overijssel,VBO,6.115482,52.479413
Donker Curtiusware,32,,,8014TM,Zwolle,Zwolle,Overijssel,VBO,6.115422,52.479450
Donker Curtiusware,34,,,8014TM,Zwolle,Zwolle,Overijssel,VBO,6.115365,52.479487
Donker Curtiusware,36,,,8014TM,Zwolle,Zwolle,Overijssel,VBO,6.115305,52.479530
Donker Curtiusware,38,,,8014TM,Zwolle,Zwolle,Overijssel,VBO,6.115242,52.479567
Donker Curtiusware,40,,,8014TM,Zwolle,Zwolle,Overijssel,VBO,6.115164,52.479594
Donker Curtiusware,42,,,8014TM,Zwolle,Zwolle,Overijssel,VBO,6.114971,52.479690
Donker Curtiusware,44,,,8014TM,Zwolle,Zwolle,Overijssel,VBO,6.115048,52.479721
Donker Curtiusware,46,,,8014TM,Zwolle,Zwolle,Overijssel,VBO,6.115121,52.479756
Donker Curtiusware,48,,,8014TM,Zwolle,Zwolle,Overijssel,VBO,6.115181,52.479782
Donker Curtiusware,50,,,8014TM,Zwolle,Zwolle,Overijssel,VBO,6.115300,52.479873
Donker Curtiusware,52,,,8014TM,Zwolle,Zwolle,Overijssel,VBO,6.115384,52.479865
Donker Curtiusware,54,,,8014TM,Zwolle,Zwolle,Overijssel,VBO,6.115470,52.479860
Domela Nieuwenhuisware,2,,,8014TP,Zwolle,Zwolle,Overijssel,VBO,6.115857,52.480126
Domela Nieuwenhuisware,4,,,8014TP,Zwolle,Zwolle,Overijssel,VBO,6.115930,52.480157
Domela Nieuwenhuisware,6,,,8014TP,Zwolle,Zwolle,Overijssel,VBO,6.116005,52.480193
Domela Nieuwenhuisware,8,,,8014TP,Zwolle,Zwolle,Overijssel,VBO,6.116070,52.480227
Domela Nieuwenhuisware,10,,,8014TP,Zwolle,Zwolle,Overijssel,VBO,6.116131,52.480254
Domela Nieuwenhuisware,12,,,8014TP,Zwolle,Zwolle,Overijssel,VBO,6.116261,52.480335
Domela Nieuwenhuisware,14,,,8014TP,Zwolle,Zwolle,Overijssel,VBO,6.116335,52.480292
Domela Nieuwenhuisware,16,,,8014TP,Zwolle,Zwolle,Overijssel,VBO,6.116399,52.480243
Domela Nieuwenhuisware,18,,,8014TP,Zwolle,Zwolle,Overijssel,VBO,6.116458,52.480199
Domela Nieuwenhuisware,20,,,8014TP,Zwolle,Zwolle,Overijssel,VBO,6.116505,52.480143
Domela Nieuwenhuisware,22,,,8014TP,Zwolle,Zwolle,Overijssel,VBO,6.116536,52.480061
Domela Nieuwenhuisware,24,,,8014TP,Zwolle,Zwolle,Overijssel,VBO,6.116544,52.480017
Domela Nieuwenhuisware,26,,,8014TP,Zwolle,Zwolle,Overijssel,VBO,6.116536,52.479963
Domela Nieuwenhuisware,28,,,8014TP,Zwolle,Zwolle,Overijssel,VBO,6.116522,52.479907
Domela Nieuwenhuisware,30,,,8014TR,Zwolle,Zwolle,Overijssel,VBO,6.116819,52.479962
Domela Nieuwenhuisware,32,,,8014TR,Zwolle,Zwolle,Overijssel,VBO,6.116909,52.479967
Domela Nieuwenhuisware,34,,,8014TR,Zwolle,Zwolle,Overijssel,VBO,6.117004,52.479964
Domela Nieuwenhuisware,36,,,8014TR,Zwolle,Zwolle,Overijssel,VBO,6.117100,52.479962
Domela Nieuwenhuisware,38,,,8014TR,Zwolle,Zwolle,Overijssel,VBO,6.117189,52.479960
Domela Nieuwenhuisware,40,,,8014TR,Zwolle,Zwolle,Overijssel,VBO,6.117268,52.479957
Domela Nieuwenhuisware,42,,,8014TR,Zwolle,Zwolle,Overijssel,VBO,6.117332,52.479945
Domela Nieuwenhuisware,44,,,8014TR,Zwolle,Zwolle,Overijssel,VBO,6.117530,52.479973
Domela Nieuwenhuisware,46,,,8014TR,Zwolle,Zwolle,Overijssel,VBO,6.117598,52.480005
Domela Nieuwenhuisware,48,,,8014TR,Zwolle,Zwolle,Overijssel,VBO,6.117663,52.480039
Domela Nieuwenhuisware,50,,,8014TR,Zwolle,Zwolle,Overijssel,VBO,6.117738,52.480074
Domela Nieuwenhuisware,52,,,8014TR,Zwolle,Zwolle,Overijssel,VBO,6.117800,52.480103
Domela Nieuwenhuisware,54,,,8014TR,Zwolle,Zwolle,Overijssel,VBO,6.117867,52.480136
Domela Nieuwenhuisware,56,,,8014TR,Zwolle,Zwolle,Overijssel,VBO,6.117934,52.480166
Domela Nieuwenhuisware,58,,,8014TR,Zwolle,Zwolle,Overijssel,VBO,6.118004,52.480200
Domela Nieuwenhuisware,60,,,8014TR,Zwolle,Zwolle,Overijssel,VBO,6.118054,52.480223
Domela Nieuwenhuisware,1,,,8014TS,Zwolle,Zwolle,Overijssel,VBO,6.117123,52.480186
Domela Nieuwenhuisware,3,,,8014TS,Zwolle,Zwolle,Overijssel,VBO,6.117228,52.480232
Domela Nieuwenhuisware,5,,,8014TS,Zwolle,Zwolle,Overijssel,VBO,6.117312,52.480250
Domela Nieuwenhuisware,7,,,8014TS,Zwolle,Zwolle,Overijssel,VBO,6.117381,52.480280
Domela Nieuwenhuisware,9,,,8014TS,Zwolle,Zwolle,Overijssel,VBO,6.117448,52.480310
Domela Nieuwenhuisware,11,,,8014TS,Zwolle,Zwolle,Overijssel,VBO,6.117524,52.480337
Domela Nieuwenhuisware,13,,,8014TS,Zwolle,Zwolle,Overijssel,VBO,6.117591,52.480368
Domela Nieuwenhuisware,15,,,8014TS,Zwolle,Zwolle,Overijssel,VBO,6.117670,52.480400
Domela Nieuwenhuisware,17,,,8014TS,Zwolle,Zwolle,Overijssel,VBO,6.117730,52.480434
Domela Nieuwenhuisware,19,,,8014TS,Zwolle,Zwolle,Overijssel,VBO,6.117789,52.480457
Staatsmanlaan,2,,,8014TV,Zwolle,Zwolle,Overijssel,VBO,6.118228,52.479092
Staatsmanlaan,4,,,8014TV,Zwolle,Zwolle,Overijssel,VBO,6.118182,52.479137
Staatsmanlaan,6,,,8014TV,Zwolle,Zwolle,Overijssel,VBO,6.118134,52.479179
Staatsmanlaan,8,,,8014TV,Zwolle,Zwolle,Overijssel,VBO,6.118086,52.479222
Staatsmanlaan,10,,,8014TV,Zwolle,Zwolle,Overijssel,VBO,6.118045,52.479263
Staatsmanlaan,12,,,8014TV,Zwolle,Zwolle,Overijssel,VBO,6.117996,52.479305
Staatsmanlaan,14,,,8014TV,Zwolle,Zwolle,Overijssel,VBO,6.117944,52.479344
Staatsmanlaan,16,,,8014TV,Zwolle,Zwolle,Overijssel,VBO,6.117314,52.479683
Staatsmanlaan,18,,,8014TV,Zwolle,Zwolle,Overijssel,VBO,6.117240,52.479691
Staatsmanlaan,20,,,8014TV,Zwolle,Zwolle,Overijssel,VBO,6.117147,52.479697
Staatsmanlaan,22,,,8014TV,Zwolle,Zwolle,Overijssel,VBO,6.117066,52.479702
Staatsmanlaan,24,,,8014TV,Zwolle,Zwolle,Overijssel,VBO,6.116974,52.479706
Staatsmanlaan,26,,,8014TV,Zwolle,Zwolle,Overijssel,VBO,6.116892,52.479713
Staatsmanlaan,28,,,8014TV,Zwolle,Zwolle,Overijssel,VBO,6.116809,52.479711
Staatsmanlaan,30,,,8014TV,Zwolle,Zwolle,Overijssel,VBO,6.116648,52.479719
Staatsmanlaan,32,,,8014TV,Zwolle,Zwolle,Overijssel,VBO,6.116562,52.479724
Staatsmanlaan,34,,,8014TV,Zwolle,Zwolle,Overijssel,VBO,6.116482,52.479724
Staatsmanlaan,36,,,8014TV,Zwolle,Zwolle,Overijssel,VBO,6.116398,52.479726
Staatsmanlaan,38,,,8014TV,Zwolle,Zwolle,Overijssel,VBO,6.116295,52.479727
Staatsmanlaan,40,,,8014TV,Zwolle,Zwolle,Overijssel,VBO,6.116105,52.479769
Staatsmanlaan,42,,,8014TV,Zwolle,Zwolle,Overijssel,VBO,6.116075,52.479814
Staatsmanlaan,44,,,8014TV,Zwolle,Zwolle,Overijssel,VBO,6.116014,52.479860
Staatsmanlaan,46,,,8014TV,Zwolle,Zwolle,Overijssel,VBO,6.115960,52.479904
Staatsmanlaan,48,,,8014TV,Zwolle,Zwolle,Overijssel,VBO,6.115891,52.479941
Staatsmanlaan,1,,,8014TW,Zwolle,Zwolle,Overijssel,VBO,6.117821,52.478913
Staatsmanlaan,3,,,8014TW,Zwolle,Zwolle,Overijssel,VBO,6.117798,52.478961
Staatsmanlaan,5,,,8014TW,Zwolle,Zwolle,Overijssel,VBO,6.117758,52.479013
Staatsmanlaan,7,,,8014TW,Zwolle,Zwolle,Overijssel,VBO,6.117717,52.479057
Staatsmanlaan,9,,,8014TW,Zwolle,Zwolle,Overijssel,VBO,6.117568,52.479183
Staatsmanlaan,11,,,8014TW,Zwolle,Zwolle,Overijssel,VBO,6.117523,52.479237
Staatsmanlaan,13,,,8014TW,Zwolle,Zwolle,Overijssel,VBO,6.117462,52.479275
Staatsmanlaan,15,,,8014TW,Zwolle,Zwolle,Overijssel,VBO,6.117404,52.479321
Staatsmanlaan,17,,,8014TW,Zwolle,Zwolle,Overijssel,VBO,6.117327,52.479346
Staatsmanlaan,19,,,8014TW,Zwolle,Zwolle,Overijssel,VBO,6.117201,52.479378
Staatsmanlaan,21,,,8014TW,Zwolle,Zwolle,Overijssel,VBO,6.117119,52.479394
Staatsmanlaan,23,,,8014TW,Zwolle,Zwolle,Overijssel,VBO,6.117033,52.479393
Staatsmanlaan,25,,,8014TW,Zwolle,Zwolle,Overijssel,VBO,6.116949,52.479393
Staatsmanlaan,27,,,8014TW,Zwolle,Zwolle,Overijssel,VBO,6.116859,52.479393
Staatsmanlaan,29,,,8014TW,Zwolle,Zwolle,Overijssel,VBO,6.116772,52.479380
Staatsmanlaan,31,,,8014TW,Zwolle,Zwolle,Overijssel,VBO,6.116611,52.479396
Staatsmanlaan,33,,,8014TW,Zwolle,Zwolle,Overijssel,VBO,6.116539,52.479406
Staatsmanlaan,35,,,8014TW,Zwolle,Zwolle,Overijssel,VBO,6.116446,52.479412
Staatsmanlaan,37,,,8014TW,Zwolle,Zwolle,Overijssel,VBO,6.116362,52.479418
Staatsmanlaan,39,,,8014TW,Zwolle,Zwolle,Overijssel,VBO,6.116278,52.479422
Staatsmanlaan,41,,,8014TW,Zwolle,Zwolle,Overijssel,VBO,6.116198,52.479428
Staatsmanlaan,43,,,8014TW,Zwolle,Zwolle,Overijssel,VBO,6.116105,52.479428
Staatsmanlaan,45,,,8014TW,Zwolle,Zwolle,Overijssel,VBO,6.115861,52.479508
Staatsmanlaan,47,,,8014TW,Zwolle,Zwolle,Overijssel,VBO,6.115823,52.479554
Staatsmanlaan,49,,,8014TW,Zwolle,Zwolle,Overijssel,VBO,6.115778,52.479598
Staatsmanlaan,51,,,8014TW,Zwolle,Zwolle,Overijssel,VBO,6.115725,52.479641
Staatsmanlaan,53,,,8014TW,Zwolle,Zwolle,Overijssel,VBO,6.115665,52.479688
Staatsmanlaan,55,,,8014TW,Zwolle,Zwolle,Overijssel,VBO,6.115618,52.479729
Staatsmanlaan,57,,,8014TW,Zwolle,Zwolle,Overijssel,VBO,6.115554,52.479755
Oldeneelallee,26,,,8014VA,Zwolle,Zwolle,Overijssel,VBO,6.110429,52.483516
Oldeneelallee,30,,,8014VA,Zwolle,Zwolle,Overijssel,VBO,6.111230,52.483535
Oldeneelallee,32,,,8014VA,Zwolle,Zwolle,Overijssel,VBO,6.111173,52.483593
Oldeneelallee,34,,,8014VA,Zwolle,Zwolle,Overijssel,VBO,6.111081,52.483690
Oldeneelallee,36,,,8014VA,Zwolle,Zwolle,Overijssel,VBO,6.111272,52.483548
Oldeneelallee,38,,,8014VA,Zwolle,Zwolle,Overijssel,VBO,6.111160,52.483620
Oldeneelallee,40,,,8014VA,Zwolle,Zwolle,Overijssel,VBO,6.111066,52.483714
Oldeneelallee,42,,,8014VA,Zwolle,Zwolle,Overijssel,VBO,6.111309,52.483562
Oldeneelallee,44,,,8014VA,Zwolle,Zwolle,Overijssel,VBO,6.111145,52.483649
Oldeneelallee,46,,,8014VA,Zwolle,Zwolle,Overijssel,VBO,6.111133,52.483706
Oldeneelallee,48,,,8014VA,Zwolle,Zwolle,Overijssel,VBO,6.111349,52.483577
Oldeneelallee,50,,,8014VA,Zwolle,Zwolle,Overijssel,VBO,6.111230,52.483605
Oldeneelallee,52,,,8014VA,Zwolle,Zwolle,Overijssel,VBO,6.111115,52.483736
Oldeneelallee,54,,,8014VA,Zwolle,Zwolle,Overijssel,VBO,6.111347,52.483605
Oldeneelallee,56,,,8014VA,Zwolle,Zwolle,Overijssel,VBO,6.111213,52.483642
Oldeneelallee,58,,,8014VA,Zwolle,Zwolle,Overijssel,VBO,6.111171,52.483724
Oldeneelallee,60,,,8014VA,Zwolle,Zwolle,Overijssel,VBO,6.111333,52.483628
Oldeneelallee,62,,,8014VA,Zwolle,Zwolle,Overijssel,VBO,6.111189,52.483672
Oldeneelallee,64,,,8014VA,Zwolle,Zwolle,Overijssel,VBO,6.111161,52.483754
Oldeneelallee,66,,,8014VA,Zwolle,Zwolle,Overijssel,VBO,6.111318,52.483648
Oldeneelallee,68,,,8014VA,Zwolle,Zwolle,Overijssel,VBO,6.111198,52.483619
Oldeneelallee,70,,,8014VA,Zwolle,Zwolle,Overijssel,VBO,6.111234,52.483711
Oldeneelallee,72,,,8014VA,Zwolle,Zwolle,Overijssel,VBO,6.111395,52.483579
Oldeneelallee,74,,,8014VA,Zwolle,Zwolle,Overijssel,VBO,6.111268,52.483599
Oldeneelallee,76,,,8014VA,Zwolle,Zwolle,Overijssel,VBO,6.111222,52.483738
Oldeneelallee,78,,,8014VA,Zwolle,Zwolle,Overijssel,VBO,6.111315,52.483544
Oldeneelallee,80,,,8014VA,Zwolle,Zwolle,Overijssel,VBO,6.111208,52.483577
Oldeneelallee,82,,,8014VA,Zwolle,Zwolle,Overijssel,VBO,6.111206,52.483767
Oldeneelallee,84,,,8014VA,Zwolle,Zwolle,Overijssel,VBO,6.111323,52.483589
Oldeneelallee,86,,,8014VA,Zwolle,Zwolle,Overijssel,VBO,6.111242,52.483663
Oldeneelallee,88,,,8014VA,Zwolle,Zwolle,Overijssel,VBO,6.111208,52.483724
Oldeneelallee,90,,,8014VA,Zwolle,Zwolle,Overijssel,VBO,6.111311,52.483616
Oldeneelallee,92,,,8014VA,Zwolle,Zwolle,Overijssel,VBO,6.111237,52.483697
Oldeneelallee,94,,,8014VA,Zwolle,Zwolle,Overijssel,VBO,6.113098,52.483958
Oldeneelallee,96,,,8014VA,Zwolle,Zwolle,Overijssel,VBO,6.113133,52.483922
Oldeneelallee,98,,,8014VA,Zwolle,Zwolle,Overijssel,VBO,6.113145,52.483890
Oldeneelallee,100,,,8014VA,Zwolle,Zwolle,Overijssel,VBO,6.113199,52.483858
Oldeneelallee,102,,,8014VA,Zwolle,Zwolle,Overijssel,VBO,6.113230,52.483825
Oldeneelallee,104,,,8014VA,Zwolle,Zwolle,Overijssel,VBO,6.113260,52.483789
Oldeneelallee,106,,,8014VA,Zwolle,Zwolle,Overijssel,VBO,6.112601,52.484202
Oldeneelallee,108,,,8014VA,Zwolle,Zwolle,Overijssel,VBO,6.112721,52.484165
Oldeneelallee,110,,,8014VA,Zwolle,Zwolle,Overijssel,VBO,6.112784,52.484145
Oldeneelallee,112,,,8014VA,Zwolle,Zwolle,Overijssel,VBO,6.112844,52.484123
Oldeneelallee,114,,,8014VA,Zwolle,Zwolle,Overijssel,VBO,6.112892,52.484098
Oldeneelallee,116,,,8014VA,Zwolle,Zwolle,Overijssel,VBO,6.112946,52.484077
Oldeneelallee,118,,,8014VA,Zwolle,Zwolle,Overijssel,VBO,6.113005,52.484055
Oldeneelallee,120,,,8014VA,Zwolle,Zwolle,Overijssel,VBO,6.113056,52.484032
Oldeneelallee,122,,,8014VA,Zwolle,Zwolle,Overijssel,VBO,6.113115,52.484011
Oldeneelallee,124,,,8014VA,Zwolle,Zwolle,Overijssel,VBO,6.113061,52.483947
Oldeneelallee,126,,,8014VA,Zwolle,Zwolle,Overijssel,VBO,6.113102,52.483912
Oldeneelallee,128,,,8014VA,Zwolle,Zwolle,Overijssel,VBO,6.113118,52.483872
Oldeneelallee,130,,,8014VA,Zwolle,Zwolle,Overijssel,VBO,6.113165,52.483846
Oldeneelallee,132,,,8014VA,Zwolle,Zwolle,Overijssel,VBO,6.113194,52.483811
Oldeneelallee,134,,,8014VA,Zwolle,Zwolle,Overijssel,VBO,6.113224,52.483774
Oldeneelallee,136,,,8014VA,Zwolle,Zwolle,Overijssel,VBO,6.112598,52.484180
Oldeneelallee,138,,,8014VA,Zwolle,Zwolle,Overijssel,VBO,6.112691,52.484155
Oldeneelallee,140,,,8014VA,Zwolle,Zwolle,Overijssel,VBO,6.112749,52.484135
Oldeneelallee,142,,,8014VA,Zwolle,Zwolle,Overijssel,VBO,6.112814,52.484115
Oldeneelallee,144,,,8014VA,Zwolle,Zwolle,Overijssel,VBO,6.112865,52.484088
Oldeneelallee,146,,,8014VA,Zwolle,Zwolle,Overijssel,VBO,6.112917,52.484070
Oldeneelallee,148,,,8014VA,Zwolle,Zwolle,Overijssel,VBO,6.112974,52.484047
Oldeneelallee,150,,,8014VA,Zwolle,Zwolle,Overijssel,VBO,6.113019,52.484024
Oldeneelallee,152,,,8014VA,Zwolle,Zwolle,Overijssel,VBO,6.113073,52.483999
Oldeneelallee,154,,,8014VA,Zwolle,Zwolle,Overijssel,VBO,6.113010,52.483930
Oldeneelallee,156,,,8014VA,Zwolle,Zwolle,Overijssel,VBO,6.113050,52.483892
Oldeneelallee,158,,,8014VA,Zwolle,Zwolle,Overijssel,VBO,6.113085,52.483861
Oldeneelallee,160,,,8014VA,Zwolle,Zwolle,Overijssel,VBO,6.113123,52.483831
Oldeneelallee,162,,,8014VA,Zwolle,Zwolle,Overijssel,VBO,6.113149,52.483799
Oldeneelallee,164,,,8014VA,Zwolle,Zwolle,Overijssel,VBO,6.113183,52.483766
Oldeneelallee,166,,,8014VA,Zwolle,Zwolle,Overijssel,VBO,6.112594,52.484161
Oldeneelallee,168,,,8014VA,Zwolle,Zwolle,Overijssel,VBO,6.112656,52.484141
Oldeneelallee,170,,,8014VA,Zwolle,Zwolle,Overijssel,VBO,6.112714,52.484124
Oldeneelallee,172,,,8014VA,Zwolle,Zwolle,Overijssel,VBO,6.112771,52.484099
Oldeneelallee,174,,,8014VA,Zwolle,Zwolle,Overijssel,VBO,6.112832,52.484079
Oldeneelallee,176,,,8014VA,Zwolle,Zwolle,Overijssel,VBO,6.112885,52.484056
Oldeneelallee,178,,,8014VA,Zwolle,Zwolle,Overijssel,VBO,6.112941,52.484035
Oldeneelallee,180,,,8014VA,Zwolle,Zwolle,Overijssel,VBO,6.112986,52.484010
Oldeneelallee,182,,,8014VA,Zwolle,Zwolle,Overijssel,VBO,6.113044,52.483987
Oldeneelallee,184,,,8014VA,Zwolle,Zwolle,Overijssel,VBO,6.112545,52.484171
Oldeneelallee,186,,,8014VA,Zwolle,Zwolle,Overijssel,VBO,6.112630,52.484129
Oldeneelallee,188,,,8014VA,Zwolle,Zwolle,Overijssel,VBO,6.112685,52.484111
Oldeneelallee,190,,,8014VA,Zwolle,Zwolle,Overijssel,VBO,6.112740,52.484088
Oldeneelallee,192,,,8014VA,Zwolle,Zwolle,Overijssel,VBO,6.112796,52.484065
Oldeneelallee,194,,,8014VA,Zwolle,Zwolle,Overijssel,VBO,6.112852,52.484045
Oldeneelallee,196,,,8014VA,Zwolle,Zwolle,Overijssel,VBO,6.112911,52.484023
Oldeneelallee,198,,,8014VA,Zwolle,Zwolle,Overijssel,VBO,6.112964,52.483997
Oldeneelallee,200,,,8014VA,Zwolle,Zwolle,Overijssel,VBO,6.113019,52.483975
Pijmanstraat,1,,,8014VB,Zwolle,Zwolle,Overijssel,VBO,6.112899,52.483875
Pijmanstraat,2,,,8014VB,Zwolle,Zwolle,Overijssel,VBO,6.112794,52.483991
Pijmanstraat,3,,,8014VB,Zwolle,Zwolle,Overijssel,VBO,6.112801,52.483842
Pijmanstraat,4,,,8014VB,Zwolle,Zwolle,Overijssel,VBO,6.112640,52.483942
Pijmanstraat,5,,,8014VB,Zwolle,Zwolle,Overijssel,VBO,6.112710,52.483808
Pijmanstraat,6,,,8014VB,Zwolle,Zwolle,Overijssel,VBO,6.112481,52.483887
Pijmanstraat,10,,,8014VB,Zwolle,Zwolle,Overijssel,VBO,6.112088,52.483762
Pijmanstraat,11,,,8014VB,Zwolle,Zwolle,Overijssel,VBO,6.112369,52.483696
Pijmanstraat,12,,,8014VB,Zwolle,Zwolle,Overijssel,VBO,6.111878,52.483673
Pijmanstraat,13,,,8014VB,Zwolle,Zwolle,Overijssel,VBO,6.112257,52.483653
Pijmanstraat,14,,,8014VB,Zwolle,Zwolle,Overijssel,VBO,6.111790,52.483639
Pijmanstraat,15,,,8014VB,Zwolle,Zwolle,Overijssel,VBO,6.112106,52.483593
Pijmanstraat,16,,,8014VB,Zwolle,Zwolle,Overijssel,VBO,6.111590,52.483566
Pijmanstraat,17,,,8014VB,Zwolle,Zwolle,Overijssel,VBO,6.111951,52.483538
Pijmanstraat,18,,,8014VB,Zwolle,Zwolle,Overijssel,VBO,6.110939,52.483383
Pijmanstraat,21,,,8014VB,Zwolle,Zwolle,Overijssel,VBO,6.111818,52.483486
Democratenlaan,4,,,8014VC,Zwolle,Zwolle,Overijssel,VBO,6.113178,52.483893
Democratenlaan,86,,,8014VC,Zwolle,Zwolle,Overijssel,VBO,6.114776,52.482594
Democratenlaan,88,,,8014VC,Zwolle,Zwolle,Overijssel,VBO,6.114997,52.482488
Democratenlaan,90,,,8014VC,Zwolle,Zwolle,Overijssel,VBO,6.114919,52.482422
Democratenlaan,1,A,,8014VD,Zwolle,Zwolle,Overijssel,VBO,6.114106,52.483964
Democratenlaan,1,B,,8014VD,Zwolle,Zwolle,Overijssel,VBO,6.114136,52.484039
Democratenlaan,1,,,8014VD,Zwolle,Zwolle,Overijssel,VBO,6.114151,52.484011
Democratenlaan,3,,,8014VD,Zwolle,Zwolle,Overijssel,VBO,6.114153,52.483950
Democratenlaan,5,,,8014VD,Zwolle,Zwolle,Overijssel,VBO,6.114197,52.483897
Democratenlaan,7,,,8014VD,Zwolle,Zwolle,Overijssel,VBO,6.114178,52.484007
Democratenlaan,9,,,8014VD,Zwolle,Zwolle,Overijssel,VBO,6.114181,52.483953
Democratenlaan,11,,,8014VD,Zwolle,Zwolle,Overijssel,VBO,6.114221,52.483905
Democratenlaan,13,,,8014VD,Zwolle,Zwolle,Overijssel,VBO,6.114201,52.483999
Democratenlaan,15,,,8014VD,Zwolle,Zwolle,Overijssel,VBO,6.114212,52.483957
Democratenlaan,17,,,8014VD,Zwolle,Zwolle,Overijssel,VBO,6.114249,52.483912
Democratenlaan,19,,,8014VD,Zwolle,Zwolle,Overijssel,VBO,6.114198,52.483848
Democratenlaan,21,,,8014VD,Zwolle,Zwolle,Overijssel,VBO,6.114229,52.483852
Democratenlaan,23,,,8014VD,Zwolle,Zwolle,Overijssel,VBO,6.114268,52.483813
Democratenlaan,25,,,8014VD,Zwolle,Zwolle,Overijssel,VBO,6.114252,52.483860
Democratenlaan,27,,,8014VD,Zwolle,Zwolle,Overijssel,VBO,6.114289,52.483822
Democratenlaan,29,,,8014VD,Zwolle,Zwolle,Overijssel,VBO,6.114283,52.483871
Democratenlaan,31,,,8014VD,Zwolle,Zwolle,Overijssel,VBO,6.114317,52.483834
Democratenlaan,33,,,8014VD,Zwolle,Zwolle,Overijssel,VBO,6.114265,52.483757
Democratenlaan,35,,,8014VD,Zwolle,Zwolle,Overijssel,VBO,6.114293,52.483771
Democratenlaan,37,,,8014VD,Zwolle,Zwolle,Overijssel,VBO,6.114332,52.483729
Democratenlaan,39,,,8014VD,Zwolle,Zwolle,Overijssel,VBO,6.114323,52.483781
Democratenlaan,41,,,8014VD,Zwolle,Zwolle,Overijssel,VBO,6.114358,52.483738
Democratenlaan,43,,,8014VD,Zwolle,Zwolle,Overijssel,VBO,6.114346,52.483790
Democratenlaan,45,,,8014VD,Zwolle,Zwolle,Overijssel,VBO,6.114378,52.483749
Democratenlaan,47,,,8014VE,Zwolle,Zwolle,Overijssel,VBO,6.114339,52.483672
Democratenlaan,49,,,8014VE,Zwolle,Zwolle,Overijssel,VBO,6.114699,52.483616
Democratenlaan,51,,,8014VE,Zwolle,Zwolle,Overijssel,VBO,6.114368,52.483684
Democratenlaan,53,,,8014VE,Zwolle,Zwolle,Overijssel,VBO,6.114439,52.483638
Democratenlaan,55,,,8014VE,Zwolle,Zwolle,Overijssel,VBO,6.114574,52.483611
Democratenlaan,57,,,8014VE,Zwolle,Zwolle,Overijssel,VBO,6.114686,52.483632
Democratenlaan,59,,,8014VE,Zwolle,Zwolle,Overijssel,VBO,6.114398,52.483694
Democratenlaan,61,,,8014VE,Zwolle,Zwolle,Overijssel,VBO,6.114460,52.483651
Democratenlaan,63,,,8014VE,Zwolle,Zwolle,Overijssel,VBO,6.114576,52.483632
Democratenlaan,65,,,8014VE,Zwolle,Zwolle,Overijssel,VBO,6.114666,52.483653
Democratenlaan,67,,,8014VE,Zwolle,Zwolle,Overijssel,VBO,6.114420,52.483706
Democratenlaan,69,,,8014VE,Zwolle,Zwolle,Overijssel,VBO,6.114478,52.483665
Democratenlaan,71,,,8014VE,Zwolle,Zwolle,Overijssel,VBO,6.114573,52.483650
Democratenlaan,73,,,8014VE,Zwolle,Zwolle,Overijssel,VBO,6.114655,52.483667
Democratenlaan,75,,,8014VE,Zwolle,Zwolle,Overijssel,VBO,6.114498,52.483618
Democratenlaan,77,,,8014VG,Zwolle,Zwolle,Overijssel,VBO,6.114816,52.483501
Democratenlaan,79,,,8014VG,Zwolle,Zwolle,Overijssel,VBO,6.114710,52.483435
Democratenlaan,81,,,8014VG,Zwolle,Zwolle,Overijssel,VBO,6.114704,52.483341
Democratenlaan,83,,,8014VG,Zwolle,Zwolle,Overijssel,VBO,6.114829,52.483484
Democratenlaan,85,,,8014VG,Zwolle,Zwolle,Overijssel,VBO,6.114735,52.483430
Democratenlaan,87,,,8014VG,Zwolle,Zwolle,Overijssel,VBO,6.114730,52.483341
Democratenlaan,89,,,8014VG,Zwolle,Zwolle,Overijssel,VBO,6.114765,52.483294
Democratenlaan,91,,,8014VG,Zwolle,Zwolle,Overijssel,VBO,6.114841,52.483467
Democratenlaan,93,,,8014VG,Zwolle,Zwolle,Overijssel,VBO,6.114764,52.483423
Democratenlaan,95,,,8014VG,Zwolle,Zwolle,Overijssel,VBO,6.114756,52.483344
Democratenlaan,97,,,8014VG,Zwolle,Zwolle,Overijssel,VBO,6.114789,52.483300
Democratenlaan,99,,,8014VG,Zwolle,Zwolle,Overijssel,VBO,6.114856,52.483451
Democratenlaan,101,,,8014VG,Zwolle,Zwolle,Overijssel,VBO,6.114785,52.483417
Democratenlaan,103,,,8014VG,Zwolle,Zwolle,Overijssel,VBO,6.114782,52.483350
Democratenlaan,105,,,8014VG,Zwolle,Zwolle,Overijssel,VBO,6.114823,52.483315
Democratenlaan,107,,,8014VG,Zwolle,Zwolle,Overijssel,VBO,6.114745,52.483261
Democratenlaan,109,,,8014VG,Zwolle,Zwolle,Overijssel,VBO,6.114796,52.483262
Democratenlaan,111,,,8014VG,Zwolle,Zwolle,Overijssel,VBO,6.114840,52.483220
Democratenlaan,113,,,8014VG,Zwolle,Zwolle,Overijssel,VBO,6.114824,52.483272
Democratenlaan,115,,,8014VG,Zwolle,Zwolle,Overijssel,VBO,6.114869,52.483228
Democratenlaan,117,,,8014VG,Zwolle,Zwolle,Overijssel,VBO,6.114858,52.483279
Democratenlaan,119,,,8014VG,Zwolle,Zwolle,Overijssel,VBO,6.114898,52.483235
Democratenlaan,121,,,8014VH,Zwolle,Zwolle,Overijssel,VBO,6.114836,52.483163
Democratenlaan,123,,,8014VH,Zwolle,Zwolle,Overijssel,VBO,6.114870,52.483171
Democratenlaan,125,,,8014VH,Zwolle,Zwolle,Overijssel,VBO,6.114912,52.483138
Democratenlaan,127,,,8014VH,Zwolle,Zwolle,Overijssel,VBO,6.114898,52.483185
Democratenlaan,129,,,8014VH,Zwolle,Zwolle,Overijssel,VBO,6.114948,52.483146
Democratenlaan,131,,,8014VH,Zwolle,Zwolle,Overijssel,VBO,6.114930,52.483198
Democratenlaan,133,,,8014VH,Zwolle,Zwolle,Overijssel,VBO,6.114980,52.483157
Democratenlaan,135,,,8014VH,Zwolle,Zwolle,Overijssel,VBO,6.114902,52.483087
Democratenlaan,137,,,8014VH,Zwolle,Zwolle,Overijssel,VBO,6.114942,52.483098
Democratenlaan,139,,,8014VH,Zwolle,Zwolle,Overijssel,VBO,6.114975,52.483057
Democratenlaan,141,,,8014VH,Zwolle,Zwolle,Overijssel,VBO,6.114975,52.483107
Democratenlaan,143,,,8014VH,Zwolle,Zwolle,Overijssel,VBO,6.115006,52.483068
Democratenlaan,145,,,8014VH,Zwolle,Zwolle,Overijssel,VBO,6.115004,52.483120
Democratenlaan,147,,,8014VH,Zwolle,Zwolle,Overijssel,VBO,6.115041,52.483076
Democratenlaan,149,,,8014VH,Zwolle,Zwolle,Overijssel,VBO,6.115012,52.482992
Democratenlaan,151,,,8014VH,Zwolle,Zwolle,Overijssel,VBO,6.115032,52.483002
Democratenlaan,153,,,8014VH,Zwolle,Zwolle,Overijssel,VBO,6.115049,52.482981
Democratenlaan,155,,,8014VH,Zwolle,Zwolle,Overijssel,VBO,6.115063,52.483017
Democratenlaan,157,,,8014VH,Zwolle,Zwolle,Overijssel,VBO,6.115080,52.482996
Democratenlaan,159,,,8014VH,Zwolle,Zwolle,Overijssel,VBO,6.115093,52.483027
Democratenlaan,161,,,8014VH,Zwolle,Zwolle,Overijssel,VBO,6.115118,52.483004
Democratenlaan,163,,,8014VJ,Zwolle,Zwolle,Overijssel,VBO,6.115147,52.482869
Democratenlaan,165,,,8014VJ,Zwolle,Zwolle,Overijssel,VBO,6.115176,52.482882
Democratenlaan,167,,,8014VJ,Zwolle,Zwolle,Overijssel,VBO,6.115128,52.482910
Democratenlaan,169,,,8014VJ,Zwolle,Zwolle,Overijssel,VBO,6.115199,52.482895
Democratenlaan,171,,,8014VJ,Zwolle,Zwolle,Overijssel,VBO,6.115160,52.482923
Democratenlaan,173,,,8014VJ,Zwolle,Zwolle,Overijssel,VBO,6.115219,52.482904
Democratenlaan,175,,,8014VJ,Zwolle,Zwolle,Overijssel,VBO,6.115191,52.482932
Democratenlaan,177,,,8014VJ,Zwolle,Zwolle,Overijssel,VBO,6.115529,52.482762
Democratenlaan,179,,,8014VJ,Zwolle,Zwolle,Overijssel,VBO,6.115172,52.482811
Democratenlaan,181,,,8014VJ,Zwolle,Zwolle,Overijssel,VBO,6.115286,52.482756
Democratenlaan,183,,,8014VJ,Zwolle,Zwolle,Overijssel,VBO,6.115404,52.482741
Democratenlaan,185,,,8014VJ,Zwolle,Zwolle,Overijssel,VBO,6.115510,52.482782
Democratenlaan,187,,,8014VJ,Zwolle,Zwolle,Overijssel,VBO,6.115207,52.482822
Democratenlaan,189,,,8014VJ,Zwolle,Zwolle,Overijssel,VBO,6.115306,52.482770
Democratenlaan,191,,,8014VJ,Zwolle,Zwolle,Overijssel,VBO,6.115401,52.482758
Democratenlaan,193,,,8014VJ,Zwolle,Zwolle,Overijssel,VBO,6.115486,52.482802
Democratenlaan,195,,,8014VJ,Zwolle,Zwolle,Overijssel,VBO,6.115244,52.482834
Democratenlaan,197,,,8014VJ,Zwolle,Zwolle,Overijssel,VBO,6.115325,52.482791
Democratenlaan,199,,,8014VJ,Zwolle,Zwolle,Overijssel,VBO,6.115404,52.482777
Democratenlaan,201,,,8014VJ,Zwolle,Zwolle,Overijssel,VBO,6.115467,52.482828
Democratenlaan,203,,,8014VJ,Zwolle,Zwolle,Overijssel,VBO,6.115288,52.482849
Democratenlaan,205,,,8014VJ,Zwolle,Zwolle,Overijssel,VBO,6.115339,52.482814
Democratenlaan,207,,,8014VJ,Zwolle,Zwolle,Overijssel,VBO,6.115409,52.482805
Regentenstraat,2,,,8014VK,Zwolle,Zwolle,Overijssel,VBO,6.114606,52.484315
Regentenstraat,4,,,8014VK,Zwolle,Zwolle,Overijssel,VBO,6.114684,52.484312
Regentenstraat,6,,,8014VK,Zwolle,Zwolle,Overijssel,VBO,6.114781,52.484301
Regentenstraat,8,,,8014VK,Zwolle,Zwolle,Overijssel,VBO,6.114864,52.484270
Regentenstraat,10,,,8014VK,Zwolle,Zwolle,Overijssel,VBO,6.114631,52.484297
Regentenstraat,12,,,8014VK,Zwolle,Zwolle,Overijssel,VBO,6.114687,52.484295
Regentenstraat,14,,,8014VK,Zwolle,Zwolle,Overijssel,VBO,6.114769,52.484285
Regentenstraat,16,,,8014VK,Zwolle,Zwolle,Overijssel,VBO,6.114835,52.484259
Regentenstraat,18,,,8014VK,Zwolle,Zwolle,Overijssel,VBO,6.114660,52.484271
Regentenstraat,20,,,8014VK,Zwolle,Zwolle,Overijssel,VBO,6.114702,52.484273
Regentenstraat,22,,,8014VK,Zwolle,Zwolle,Overijssel,VBO,6.114783,52.484259
Regentenstraat,24,,,8014VK,Zwolle,Zwolle,Overijssel,VBO,6.114969,52.484174
Regentenstraat,26,,,8014VK,Zwolle,Zwolle,Overijssel,VBO,6.114811,52.484177
Regentenstraat,28,,,8014VK,Zwolle,Zwolle,Overijssel,VBO,6.114914,52.484220
Regentenstraat,30,,,8014VK,Zwolle,Zwolle,Overijssel,VBO,6.114838,52.484186
Regentenstraat,32,,,8014VK,Zwolle,Zwolle,Overijssel,VBO,6.114936,52.484156
Regentenstraat,34,,,8014VK,Zwolle,Zwolle,Overijssel,VBO,6.115073,52.484074
Regentenstraat,36,,,8014VK,Zwolle,Zwolle,Overijssel,VBO,6.115018,52.484124
Regentenstraat,38,,,8014VK,Zwolle,Zwolle,Overijssel,VBO,6.115054,52.484065
Regentenstraat,40,,,8014VK,Zwolle,Zwolle,Overijssel,VBO,6.114994,52.484117
Regentenstraat,42,,,8014VK,Zwolle,Zwolle,Overijssel,VBO,6.115031,52.484059
Regentenstraat,52,,,8014VL,Zwolle,Zwolle,Overijssel,VBO,6.115724,52.483442
Regentenstraat,54,,,8014VL,Zwolle,Zwolle,Overijssel,VBO,6.115771,52.483400
Regentenstraat,56,,,8014VL,Zwolle,Zwolle,Overijssel,VBO,6.115665,52.483410
Regentenstraat,58,,,8014VL,Zwolle,Zwolle,Overijssel,VBO,6.115715,52.483371
Regentenstraat,60,,,8014VL,Zwolle,Zwolle,Overijssel,VBO,6.115663,52.483382
Regentenstraat,62,,,8014VL,Zwolle,Zwolle,Overijssel,VBO,6.115826,52.483302
Regentenstraat,64,,,8014VL,Zwolle,Zwolle,Overijssel,VBO,6.115811,52.483354
Regentenstraat,66,,,8014VL,Zwolle,Zwolle,Overijssel,VBO,6.115769,52.483341
Regentenstraat,68,,,8014VL,Zwolle,Zwolle,Overijssel,VBO,6.115784,52.483288
Regentenstraat,70,,,8014VL,Zwolle,Zwolle,Overijssel,VBO,6.115727,52.483322
Regentenstraat,72,,,8014VL,Zwolle,Zwolle,Overijssel,VBO,6.115924,52.483276
Regentenstraat,74,,,8014VL,Zwolle,Zwolle,Overijssel,VBO,6.115964,52.483245
Regentenstraat,76,,,8014VL,Zwolle,Zwolle,Overijssel,VBO,6.115932,52.483230
Regentenstraat,78,,,8014VL,Zwolle,Zwolle,Overijssel,VBO,6.115887,52.483259
Regentenstraat,80,,,8014VL,Zwolle,Zwolle,Overijssel,VBO,6.115855,52.483242
Regentenstraat,82,,,8014VL,Zwolle,Zwolle,Overijssel,VBO,6.116015,52.483198
Regentenstraat,84,,,8014VM,Zwolle,Zwolle,Overijssel,VBO,6.116052,52.483160
Regentenstraat,86,,,8014VM,Zwolle,Zwolle,Overijssel,VBO,6.115983,52.483181
Regentenstraat,88,,,8014VM,Zwolle,Zwolle,Overijssel,VBO,6.116016,52.483145
Regentenstraat,90,,,8014VM,Zwolle,Zwolle,Overijssel,VBO,6.115975,52.483138
Regentenstraat,92,,,8014VM,Zwolle,Zwolle,Overijssel,VBO,6.115907,52.483024
Regentenstraat,94,,,8014VM,Zwolle,Zwolle,Overijssel,VBO,6.115977,52.483043
Regentenstraat,96,,,8014VM,Zwolle,Zwolle,Overijssel,VBO,6.116008,52.483063
Regentenstraat,98,,,8014VM,Zwolle,Zwolle,Overijssel,VBO,6.115934,52.483009
Regentenstraat,100,,,8014VM,Zwolle,Zwolle,Overijssel,VBO,6.116002,52.483034
Regentenstraat,102,,,8014VM,Zwolle,Zwolle,Overijssel,VBO,6.116044,52.483064
Regentenstraat,104,,,8014VM,Zwolle,Zwolle,Overijssel,VBO,6.115944,52.482994
Regentenstraat,106,,,8014VM,Zwolle,Zwolle,Overijssel,VBO,6.116026,52.483026
Regentenstraat,108,,,8014VM,Zwolle,Zwolle,Overijssel,VBO,6.116076,52.483065
Regentenstraat,110,,,8014VM,Zwolle,Zwolle,Overijssel,VBO,6.116111,52.483066
Regentenstraat,112,,,8014VM,Zwolle,Zwolle,Overijssel,VBO,6.115900,52.482893
Regentenstraat,114,,,8014VM,Zwolle,Zwolle,Overijssel,VBO,6.115935,52.482933
Regentenstraat,116,,,8014VM,Zwolle,Zwolle,Overijssel,VBO,6.115889,52.482911
Regentenstraat,118,,,8014VN,Zwolle,Zwolle,Overijssel,VBO,6.115909,52.482950
Regentenstraat,120,,,8014VN,Zwolle,Zwolle,Overijssel,VBO,6.115868,52.482930
Regentenstraat,122,,,8014VN,Zwolle,Zwolle,Overijssel,VBO,6.115953,52.482914
Regentenstraat,124,,,8014VN,Zwolle,Zwolle,Overijssel,VBO,6.115848,52.482956
Regentenstraat,126,,,8014VN,Zwolle,Zwolle,Overijssel,VBO,6.115739,52.482915
Regentenstraat,128,,,8014VN,Zwolle,Zwolle,Overijssel,VBO,6.115692,52.482902
Regentenstraat,130,,,8014VN,Zwolle,Zwolle,Overijssel,VBO,6.115687,52.482935
Regentenstraat,132,,,8014VN,Zwolle,Zwolle,Overijssel,VBO,6.115765,52.482898
Regentenstraat,134,,,8014VN,Zwolle,Zwolle,Overijssel,VBO,6.115724,52.482880
Regentenstraat,136,,,8014VN,Zwolle,Zwolle,Overijssel,VBO,6.115790,52.482875
Regentenstraat,138,,,8014VN,Zwolle,Zwolle,Overijssel,VBO,6.115745,52.482856
Regentenstraat,140,,,8014VN,Zwolle,Zwolle,Overijssel,VBO,6.115511,52.482869
Regentenstraat,142,,,8014VN,Zwolle,Zwolle,Overijssel,VBO,6.115578,52.482892
Regentenstraat,144,,,8014VN,Zwolle,Zwolle,Overijssel,VBO,6.115535,52.482848
Regentenstraat,146,,,8014VN,Zwolle,Zwolle,Overijssel,VBO,6.115592,52.482791
Regentenstraat,148,,,8014VN,Zwolle,Zwolle,Overijssel,VBO,6.115655,52.482811
Regentenstraat,150,,,8014VN,Zwolle,Zwolle,Overijssel,VBO,6.115624,52.482792
Regentenstraat,152,,,8014VN,Zwolle,Zwolle,Overijssel,VBO,6.115634,52.482826
Van der Capellenstraat,2,,,8014VP,Zwolle,Zwolle,Overijssel,VBO,6.113460,52.484290
Van der Capellenstraat,4,,,8014VP,Zwolle,Zwolle,Overijssel,VBO,6.113543,52.484231
Van der Capellenstraat,6,,,8014VP,Zwolle,Zwolle,Overijssel,VBO,6.113800,52.484163
Van der Capellenstraat,8,,,8014VP,Zwolle,Zwolle,Overijssel,VBO,6.113859,52.484200
Van der Capellenstraat,10,,,8014VP,Zwolle,Zwolle,Overijssel,VBO,6.113964,52.484223
Van der Capellenstraat,12,,,8014VP,Zwolle,Zwolle,Overijssel,VBO,6.114037,52.484253
Van der Capellenstraat,14,,,8014VP,Zwolle,Zwolle,Overijssel,VBO,6.114091,52.484285
Van der Capellenstraat,16,,,8014VP,Zwolle,Zwolle,Overijssel,VBO,6.114212,52.484317
Van der Capellenstraat,18,,,8014VP,Zwolle,Zwolle,Overijssel,VBO,6.114275,52.484338
Van der Capellenstraat,20,,,8014VP,Zwolle,Zwolle,Overijssel,VBO,6.114320,52.484367
Van der Capellenstraat,22,,,8014VP,Zwolle,Zwolle,Overijssel,VBO,6.114389,52.484532
Van der Capellenstraat,24,,,8014VP,Zwolle,Zwolle,Overijssel,VBO,6.114351,52.484598
Van der Capellenstraat,26,,,8014VP,Zwolle,Zwolle,Overijssel,VBO,6.113480,52.484297
Van der Capellenstraat,28,,,8014VP,Zwolle,Zwolle,Overijssel,VBO,6.113554,52.484218
Van der Capellenstraat,30,,,8014VP,Zwolle,Zwolle,Overijssel,VBO,6.113619,52.484157
Van der Capellenstraat,32,,,8014VP,Zwolle,Zwolle,Overijssel,VBO,6.113788,52.484175
Van der Capellenstraat,34,,,8014VP,Zwolle,Zwolle,Overijssel,VBO,6.113866,52.484208
Van der Capellenstraat,36,,,8014VP,Zwolle,Zwolle,Overijssel,VBO,6.113954,52.484237
Van der Capellenstraat,38,,,8014VP,Zwolle,Zwolle,Overijssel,VBO,6.114028,52.484266
Van der Capellenstraat,40,,,8014VP,Zwolle,Zwolle,Overijssel,VBO,6.114104,52.484291
Van der Capellenstraat,42,,,8014VP,Zwolle,Zwolle,Overijssel,VBO,6.114181,52.484319
Van der Capellenstraat,44,,,8014VP,Zwolle,Zwolle,Overijssel,VBO,6.114263,52.484350
Van der Capellenstraat,46,,,8014VP,Zwolle,Zwolle,Overijssel,VBO,6.114332,52.484377
Van der Capellenstraat,48,,,8014VP,Zwolle,Zwolle,Overijssel,VBO,6.114456,52.484448
Van der Capellenstraat,50,,,8014VP,Zwolle,Zwolle,Overijssel,VBO,6.114393,52.484522
Van der Capellenstraat,52,,,8014VP,Zwolle,Zwolle,Overijssel,VBO,6.114331,52.484587
Van der Capellenstraat,54,,,8014VR,Zwolle,Zwolle,Overijssel,VBO,6.113499,52.484304
Van der Capellenstraat,56,,,8014VR,Zwolle,Zwolle,Overijssel,VBO,6.113573,52.484228
Van der Capellenstraat,58,,,8014VR,Zwolle,Zwolle,Overijssel,VBO,6.113637,52.484164
Van der Capellenstraat,60,,,8014VR,Zwolle,Zwolle,Overijssel,VBO,6.113774,52.484190
Van der Capellenstraat,62,,,8014VR,Zwolle,Zwolle,Overijssel,VBO,6.113852,52.484222
Van der Capellenstraat,64,,,8014VR,Zwolle,Zwolle,Overijssel,VBO,6.113941,52.484249
Van der Capellenstraat,66,,,8014VR,Zwolle,Zwolle,Overijssel,VBO,6.114016,52.484279
Van der Capellenstraat,68,,,8014VR,Zwolle,Zwolle,Overijssel,VBO,6.114092,52.484302
Van der Capellenstraat,70,,,8014VR,Zwolle,Zwolle,Overijssel,VBO,6.114168,52.484332
Van der Capellenstraat,72,,,8014VR,Zwolle,Zwolle,Overijssel,VBO,6.114249,52.484364
Van der Capellenstraat,74,,,8014VR,Zwolle,Zwolle,Overijssel,VBO,6.114321,52.484392
Van der Capellenstraat,76,,,8014VR,Zwolle,Zwolle,Overijssel,VBO,6.114432,52.484438
Van der Capellenstraat,78,,,8014VR,Zwolle,Zwolle,Overijssel,VBO,6.114365,52.484513
Van der Capellenstraat,80,,,8014VR,Zwolle,Zwolle,Overijssel,VBO,6.114306,52.484580
Van der Capellenstraat,82,,,8014VR,Zwolle,Zwolle,Overijssel,VBO,6.113516,52.484311
Van der Capellenstraat,84,,,8014VR,Zwolle,Zwolle,Overijssel,VBO,6.113587,52.484235
Van der Capellenstraat,86,,,8014VR,Zwolle,Zwolle,Overijssel,VBO,6.113651,52.484172
Van der Capellenstraat,88,,,8014VR,Zwolle,Zwolle,Overijssel,VBO,6.113763,52.484202
Van der Capellenstraat,90,,,8014VR,Zwolle,Zwolle,Overijssel,VBO,6.113837,52.484232
Van der Capellenstraat,92,,,8014VR,Zwolle,Zwolle,Overijssel,VBO,6.113934,52.484259
Van der Capellenstraat,94,,,8014VR,Zwolle,Zwolle,Overijssel,VBO,6.114007,52.484289
Van der Capellenstraat,96,,,8014VR,Zwolle,Zwolle,Overijssel,VBO,6.114081,52.484316
Van der Capellenstraat,98,,,8014VR,Zwolle,Zwolle,Overijssel,VBO,6.114153,52.484344
Van der Capellenstraat,100,,,8014VR,Zwolle,Zwolle,Overijssel,VBO,6.114233,52.484376
Van der Capellenstraat,102,,,8014VR,Zwolle,Zwolle,Overijssel,VBO,6.114305,52.484405
Van der Capellenstraat,104,,,8014VR,Zwolle,Zwolle,Overijssel,VBO,6.114411,52.484429
Van der Capellenstraat,106,,,8014VR,Zwolle,Zwolle,Overijssel,VBO,6.114343,52.484505
Van der Capellenstraat,108,,,8014VR,Zwolle,Zwolle,Overijssel,VBO,6.114287,52.484571
Van der Capellenstraat,110,,,8014VS,Zwolle,Zwolle,Overijssel,VBO,6.113831,52.484244
Van der Capellenstraat,112,,,8014VS,Zwolle,Zwolle,Overijssel,VBO,6.113922,52.484272
Van der Capellenstraat,114,,,8014VS,Zwolle,Zwolle,Overijssel,VBO,6.113994,52.484302
Van der Capellenstraat,116,,,8014VS,Zwolle,Zwolle,Overijssel,VBO,6.114072,52.484329
Van der Capellenstraat,118,,,8014VS,Zwolle,Zwolle,Overijssel,VBO,6.114141,52.484356
Van der Capellenstraat,120,,,8014VS,Zwolle,Zwolle,Overijssel,VBO,6.113822,52.484258
Van der Capellenstraat,122,,,8014VS,Zwolle,Zwolle,Overijssel,VBO,6.113910,52.484285
Van der Capellenstraat,124,,,8014VS,Zwolle,Zwolle,Overijssel,VBO,6.113986,52.484312
Van der Capellenstraat,126,,,8014VS,Zwolle,Zwolle,Overijssel,VBO,6.114064,52.484341
Van der Capellenstraat,128,,,8014VS,Zwolle,Zwolle,Overijssel,VBO,6.114142,52.484369
Van der Capellenstraat,130,,,8014VS,Zwolle,Zwolle,Overijssel,VBO,6.113826,52.484267
Van der Capellenstraat,132,,,8014VS,Zwolle,Zwolle,Overijssel,VBO,6.113908,52.484297
Van der Capellenstraat,134,,,8014VS,Zwolle,Zwolle,Overijssel,VBO,6.113982,52.484323
Van der Capellenstraat,136,,,8014VS,Zwolle,Zwolle,Overijssel,VBO,6.114061,52.484351
Van der Capellenstraat,138,,,8014VS,Zwolle,Zwolle,Overijssel,VBO,6.114135,52.484380
Van der Capellenstraat,140,,,8014VS,Zwolle,Zwolle,Overijssel,VBO,6.113014,52.483770
Van der Capellenstraat,144,,,8014VS,Zwolle,Zwolle,Overijssel,VBO,6.112787,52.483735
Van der Capellenstraat,146,,,8014VS,Zwolle,Zwolle,Overijssel,VBO,6.112647,52.483683
Van der Capellenstraat,148,,,8014VS,Zwolle,Zwolle,Overijssel,VBO,6.112538,52.483647
Van der Capellenstraat,150,,,8014VS,Zwolle,Zwolle,Overijssel,VBO,6.112466,52.483623
Van der Capellenstraat,152,,,8014VS,Zwolle,Zwolle,Overijssel,VBO,6.112359,52.483611
Van der Capellenstraat,154,,,8014VS,Zwolle,Zwolle,Overijssel,VBO,6.112170,52.483551
Van der Capellenstraat,158,,,8014VS,Zwolle,Zwolle,Overijssel,VBO,6.111948,52.483390
Van der Capellenstraat,1,,,8014VT,Zwolle,Zwolle,Overijssel,VBO,6.114494,52.484242
Van der Capellenstraat,3,,,8014VT,Zwolle,Zwolle,Overijssel,VBO,6.114513,52.484230
Van der Capellenstraat,5,,,8014VT,Zwolle,Zwolle,Overijssel,VBO,6.114541,52.484252
Van der Capellenstraat,7,,,8014VT,Zwolle,Zwolle,Overijssel,VBO,6.114531,52.484217
Van der Capellenstraat,9,,,8014VT,Zwolle,Zwolle,Overijssel,VBO,6.114561,52.484241
Van der Capellenstraat,11,,,8014VT,Zwolle,Zwolle,Overijssel,VBO,6.114552,52.484206
Van der Capellenstraat,13,,,8014VT,Zwolle,Zwolle,Overijssel,VBO,6.114583,52.484224
Van der Capellenstraat,15,,,8014VT,Zwolle,Zwolle,Overijssel,VBO,6.114419,52.484192
Van der Capellenstraat,17,,,8014VT,Zwolle,Zwolle,Overijssel,VBO,6.114442,52.484177
Van der Capellenstraat,19,,,8014VT,Zwolle,Zwolle,Overijssel,VBO,6.114394,52.484170
Van der Capellenstraat,21,,,8014VT,Zwolle,Zwolle,Overijssel,VBO,6.114461,52.484163
Van der Capellenstraat,23,,,8014VT,Zwolle,Zwolle,Overijssel,VBO,6.114405,52.484155
Van der Capellenstraat,25,,,8014VT,Zwolle,Zwolle,Overijssel,VBO,6.114477,52.484148
Van der Capellenstraat,27,,,8014VT,Zwolle,Zwolle,Overijssel,VBO,6.114420,52.484140
Van der Capellenstraat,29,,,8014VT,Zwolle,Zwolle,Overijssel,VBO,6.114286,52.484137
Van der Capellenstraat,31,,,8014VT,Zwolle,Zwolle,Overijssel,VBO,6.114303,52.484119
Van der Capellenstraat,33,,,8014VT,Zwolle,Zwolle,Overijssel,VBO,6.114248,52.484091
Van der Capellenstraat,35,,,8014VT,Zwolle,Zwolle,Overijssel,VBO,6.114331,52.484102
Van der Capellenstraat,37,,,8014VT,Zwolle,Zwolle,Overijssel,VBO,6.114265,52.484077
Van der Capellenstraat,39,,,8014VT,Zwolle,Zwolle,Overijssel,VBO,6.114359,52.484085
Van der Capellenstraat,41,,,8014VT,Zwolle,Zwolle,Overijssel,VBO,6.114277,52.484062
Van der Capellenstraat,45,,,8014VV,Zwolle,Zwolle,Overijssel,VBO,6.113783,52.483600
Van der Capellenstraat,51,,,8014VV,Zwolle,Zwolle,Overijssel,VBO,6.113332,52.483653
Van der Capellenstraat,53,,,8014VV,Zwolle,Zwolle,Overijssel,VBO,6.113199,52.483610
Van der Capellenstraat,55,,,8014VV,Zwolle,Zwolle,Overijssel,VBO,6.113053,52.483552
Van der Capellenstraat,57,,,8014VV,Zwolle,Zwolle,Overijssel,VBO,6.112841,52.483476
Van der Capellenstraat,61,,,8014VV,Zwolle,Zwolle,Overijssel,VBO,6.112653,52.483423
Van der Capellenstraat,63,,,8014VV,Zwolle,Zwolle,Overijssel,VBO,6.113773,52.483813
Van der Capellenstraat,65,,,8014VV,Zwolle,Zwolle,Overijssel,VBO,6.113696,52.483786
Van der Capellenstraat,67,,,8014VV,Zwolle,Zwolle,Overijssel,VBO,6.113617,52.483762
Van der Capellenstraat,69,,,8014VV,Zwolle,Zwolle,Overijssel,VBO,6.113545,52.483732
Van der Capellenstraat,71,,,8014VV,Zwolle,Zwolle,Overijssel,VBO,6.113480,52.483703
Van der Capellenstraat,73,,,8014VV,Zwolle,Zwolle,Overijssel,VBO,6.113406,52.483675
Van der Capellenstraat,75,,,8014VV,Zwolle,Zwolle,Overijssel,VBO,6.113334,52.483633
Van der Capellenstraat,77,,,8014VV,Zwolle,Zwolle,Overijssel,VBO,6.113260,52.483626
Van der Capellenstraat,79,,,8014VV,Zwolle,Zwolle,Overijssel,VBO,6.113188,52.483601
Van der Capellenstraat,81,,,8014VV,Zwolle,Zwolle,Overijssel,VBO,6.113113,52.483573
Van der Capellenstraat,83,,,8014VV,Zwolle,Zwolle,Overijssel,VBO,6.113039,52.483548
Van der Capellenstraat,85,,,8014VV,Zwolle,Zwolle,Overijssel,VBO,6.112960,52.483516
Van der Capellenstraat,87,,,8014VV,Zwolle,Zwolle,Overijssel,VBO,6.112899,52.483490
Van der Capellenstraat,89,,,8014VV,Zwolle,Zwolle,Overijssel,VBO,6.112811,52.483465
Van der Capellenstraat,91,,,8014VW,Zwolle,Zwolle,Overijssel,VBO,6.112747,52.483429
Van der Capellenstraat,93,,,8014VW,Zwolle,Zwolle,Overijssel,VBO,6.112672,52.483400
Van der Capellenstraat,95,A,,8014VW,Zwolle,Zwolle,Overijssel,VBO,6.112221,52.483261
Van der Capellenstraat,95,,,8014VW,Zwolle,Zwolle,Overijssel,VBO,6.112429,52.483322
Van der Capellenstraat,97,A,,8014VW,Zwolle,Zwolle,Overijssel,VBO,6.111756,52.483133
Van der Capellenstraat,97,,,8014VW,Zwolle,Zwolle,Overijssel,VBO,6.111865,52.483180
Van der Capellenstraat,99,,,8014VW,Zwolle,Zwolle,Overijssel,VBO,6.111645,52.483012
Van der Capellenstraat,101,,,8014VW,Zwolle,Zwolle,Overijssel,VBO,6.111492,52.482942
Van der Capellenstraat,103,,,8014VW,Zwolle,Zwolle,Overijssel,VBO,6.111373,52.482879
Van der Capellenstraat,105,A,,8014VW,Zwolle,Zwolle,Overijssel,VBO,6.111222,52.482827
Van der Capellenstraat,105,B,,8014VW,Zwolle,Zwolle,Overijssel,VBO,6.111077,52.482790
Van der Capellenstraat,111,,,8014VW,Zwolle,Zwolle,Overijssel,VBO,6.111690,52.483069
Van der Capellenstraat,113,,,8014VW,Zwolle,Zwolle,Overijssel,VBO,6.111624,52.483045
Van der Capellenstraat,115,,,8014VW,Zwolle,Zwolle,Overijssel,VBO,6.111548,52.483019
Van der Capellenstraat,117,,,8014VW,Zwolle,Zwolle,Overijssel,VBO,6.111474,52.482995
Van der Capellenstraat,119,,,8014VW,Zwolle,Zwolle,Overijssel,VBO,6.111412,52.482959
Van der Capellenstraat,121,,,8014VW,Zwolle,Zwolle,Overijssel,VBO,6.111331,52.482934
Van der Capellenstraat,123,,,8014VW,Zwolle,Zwolle,Overijssel,VBO,6.111262,52.482912
Van der Capellenstraat,125,,,8014VW,Zwolle,Zwolle,Overijssel,VBO,6.111189,52.482883
Van der Capellenstraat,127,,,8014VW,Zwolle,Zwolle,Overijssel,VBO,6.111115,52.482857
Van der Capellenstraat,129,,,8014VW,Zwolle,Zwolle,Overijssel,VBO,6.111043,52.482832
Van der Capellenstraat,131,,,8014VW,Zwolle,Zwolle,Overijssel,VBO,6.110995,52.482813
Van der Capellenstraat,133,,,8014VW,Zwolle,Zwolle,Overijssel,VBO,6.110544,52.482492
Van der Capellenstraat,135,,,8014VW,Zwolle,Zwolle,Overijssel,VBO,6.110655,52.482562
Van der Capellenstraat,137,,,8014VW,Zwolle,Zwolle,Overijssel,VBO,6.110774,52.482627
Van der Capellenstraat,139,,,8014VW,Zwolle,Zwolle,Overijssel,VBO,6.110579,52.482841
Van der Capellenstraat,141,,,8014VW,Zwolle,Zwolle,Overijssel,VBO,6.110412,52.482961
Van der Capellenstraat,145,A,,8014VW,Zwolle,Zwolle,Overijssel,VBO,6.110101,52.482857
Van der Capellenstraat,145,B,,8014VW,Zwolle,Zwolle,Overijssel,VBO,6.110131,52.482823
Van der Capellenstraat,145,,,8014VW,Zwolle,Zwolle,Overijssel,VBO,6.110202,52.482898
Van der Capellenstraat,147,,,8014VW,Zwolle,Zwolle,Overijssel,VBO,6.110014,52.482815
Van der Capellenstraat,149,,,8014VW,Zwolle,Zwolle,Overijssel,VBO,6.110473,52.482476
Van der Capellenstraat,151,,,8014VW,Zwolle,Zwolle,Overijssel,VBO,6.110597,52.482540
Van der Capellenstraat,153,,,8014VW,Zwolle,Zwolle,Overijssel,VBO,6.110719,52.482600
Van der Capellenstraat,155,,,8014VW,Zwolle,Zwolle,Overijssel,VBO,6.110760,52.482798
Van der Capellenstraat,157,,,8014VW,Zwolle,Zwolle,Overijssel,VBO,6.110695,52.482829
Van der Capellenstraat,159,,,8014VW,Zwolle,Zwolle,Overijssel,VBO,6.110640,52.482863
Van der Capellenstraat,161,,,8014VW,Zwolle,Zwolle,Overijssel,VBO,6.110579,52.482898
Van der Capellenstraat,163,,,8014VW,Zwolle,Zwolle,Overijssel,VBO,6.110518,52.482932
Van der Capellenstraat,165,,,8014VW,Zwolle,Zwolle,Overijssel,VBO,6.110471,52.482965
Van der Capellenstraat,167,,,8014VW,Zwolle,Zwolle,Overijssel,VBO,6.110366,52.482995
Van der Capellenstraat,169,,,8014VW,Zwolle,Zwolle,Overijssel,VBO,6.110264,52.482954
Van der Capellenstraat,171,,,8014VW,Zwolle,Zwolle,Overijssel,VBO,6.110192,52.482934
Van der Capellenstraat,173,,,8014VW,Zwolle,Zwolle,Overijssel,VBO,6.110124,52.482907
Van der Capellenstraat,175,,,8014VW,Zwolle,Zwolle,Overijssel,VBO,6.110058,52.482881
Van der Capellenstraat,177,,,8014VW,Zwolle,Zwolle,Overijssel,VBO,6.109994,52.482855
Van der Capellenstraat,179,,,8014VW,Zwolle,Zwolle,Overijssel,VBO,6.109920,52.482830
Van der Capellenstraat,181,,,8014VW,Zwolle,Zwolle,Overijssel,VBO,6.110710,52.482793
Van der Capellenstraat,183,,,8014VW,Zwolle,Zwolle,Overijssel,VBO,6.110744,52.482773
Van der Capellenstraat,185,,,8014VW,Zwolle,Zwolle,Overijssel,VBO,6.110653,52.482820
Van der Capellenstraat,162,,,8014VX,Zwolle,Zwolle,Overijssel,VBO,6.111870,52.483357
Van der Capellenstraat,168,,,8014VX,Zwolle,Zwolle,Overijssel,VBO,6.112946,52.483761
Van der Capellenstraat,170,,,8014VX,Zwolle,Zwolle,Overijssel,VBO,6.112891,52.483734
Van der Capellenstraat,172,,,8014VX,Zwolle,Zwolle,Overijssel,VBO,6.112809,52.483706
Van der Capellenstraat,174,,,8014VX,Zwolle,Zwolle,Overijssel,VBO,6.112749,52.483684
Van der Capellenstraat,176,,,8014VX,Zwolle,Zwolle,Overijssel,VBO,6.112691,52.483658
Van der Capellenstraat,178,,,8014VX,Zwolle,Zwolle,Overijssel,VBO,6.112612,52.483644
Van der Capellenstraat,180,,,8014VX,Zwolle,Zwolle,Overijssel,VBO,6.112563,52.483618
Van der Capellenstraat,182,,,8014VX,Zwolle,Zwolle,Overijssel,VBO,6.112498,52.483591
Van der Capellenstraat,184,,,8014VX,Zwolle,Zwolle,Overijssel,VBO,6.112317,52.483637
Van der Capellenstraat,186,,,8014VX,Zwolle,Zwolle,Overijssel,VBO,6.112233,52.483601
Van der Capellenstraat,188,,,8014VX,Zwolle,Zwolle,Overijssel,VBO,6.112141,52.483563
Van der Capellenstraat,190,,,8014VX,Zwolle,Zwolle,Overijssel,VBO,6.112026,52.483532
Van der Capellenstraat,192,,,8014VX,Zwolle,Zwolle,Overijssel,VBO,6.111934,52.483505
Van der Capellenstraat,194,,,8014VX,Zwolle,Zwolle,Overijssel,VBO,6.111882,52.483470
Van der Capellenstraat,196,,,8014VX,Zwolle,Zwolle,Overijssel,VBO,6.111818,52.483447
Van der Capellenstraat,204,,,8014VZ,Zwolle,Zwolle,Overijssel,VBO,6.111480,52.483236
Van der Capellenstraat,206,,,8014VZ,Zwolle,Zwolle,Overijssel,VBO,6.111422,52.483212
Van der Capellenstraat,208,,,8014VZ,Zwolle,Zwolle,Overijssel,VBO,6.111371,52.483191
Van der Capellenstraat,210,,,8014VZ,Zwolle,Zwolle,Overijssel,VBO,6.111308,52.483166
Van der Capellenstraat,212,,,8014VZ,Zwolle,Zwolle,Overijssel,VBO,6.112351,52.483583
Van der Capellenstraat,214,,,8014VZ,Zwolle,Zwolle,Overijssel,VBO,6.112253,52.483553
Van der Capellenstraat,216,,,8014VZ,Zwolle,Zwolle,Overijssel,VBO,6.112165,52.483524
Van der Capellenstraat,218,,,8014VZ,Zwolle,Zwolle,Overijssel,VBO,6.112072,52.483485
Van der Capellenstraat,220,,,8014VZ,Zwolle,Zwolle,Overijssel,VBO,6.111982,52.483459
Van der Capellenstraat,222,,,8014VZ,Zwolle,Zwolle,Overijssel,VBO,6.111922,52.483427
Van der Capellenstraat,224,,,8014VZ,Zwolle,Zwolle,Overijssel,VBO,6.111860,52.483403
Van der Capellenstraat,226,,,8014VZ,Zwolle,Zwolle,Overijssel,VBO,6.111844,52.483379
Van der Capellenstraat,228,,,8014VZ,Zwolle,Zwolle,Overijssel,VBO,6.111619,52.483326
Van der Capellenstraat,230,,,8014VZ,Zwolle,Zwolle,Overijssel,VBO,6.111519,52.483291
Van der Capellenstraat,232,,,8014VZ,Zwolle,Zwolle,Overijssel,VBO,6.112354,52.483613
Van der Capellenstraat,234,,,8014VZ,Zwolle,Zwolle,Overijssel,VBO,6.112249,52.483580
Van der Capellenstraat,236,,,8014VZ,Zwolle,Zwolle,Overijssel,VBO,6.111603,52.483350
Van der Capellenstraat,238,,,8014VZ,Zwolle,Zwolle,Overijssel,VBO,6.111520,52.483309
Van der Capellenstraat,240,A,,8014VZ,Zwolle,Zwolle,Overijssel,VBO,6.111529,52.483215
Van der Capellenstraat,240,B,,8014VZ,Zwolle,Zwolle,Overijssel,VBO,6.111464,52.483193
Van der Capellenstraat,240,C,,8014VZ,Zwolle,Zwolle,Overijssel,VBO,6.111399,52.483175
Van der Capellenstraat,240,D,,8014VZ,Zwolle,Zwolle,Overijssel,VBO,6.111328,52.483145
Van der Capellenstraat,240,,,8014VZ,Zwolle,Zwolle,Overijssel,VBO,6.111623,52.483245
Van der Capellenstraat,242,,,8014VZ,Zwolle,Zwolle,Overijssel,VBO,6.111092,52.483085
Van der Capellenstraat,244,,,8014VZ,Zwolle,Zwolle,Overijssel,VBO,6.110925,52.483064
Van der Capellenstraat,246,,,8014VZ,Zwolle,Zwolle,Overijssel,VBO,6.110750,52.483111
Van der Capellenstraat,248,,,8014VZ,Zwolle,Zwolle,Overijssel,VBO,6.110624,52.483203
Van der Capellenstraat,252,,,8014VZ,Zwolle,Zwolle,Overijssel,VBO,6.110427,52.483312
Van der Capellenstraat,256,,,8014VZ,Zwolle,Zwolle,Overijssel,VBO,6.111172,52.483117
Van der Capellenstraat,258,,,8014VZ,Zwolle,Zwolle,Overijssel,VBO,6.111077,52.483100
Van der Capellenstraat,260,,,8014VZ,Zwolle,Zwolle,Overijssel,VBO,6.110993,52.483096
Van der Capellenstraat,262,,,8014VZ,Zwolle,Zwolle,Overijssel,VBO,6.110936,52.483096
Van der Capellenstraat,264,,,8014VZ,Zwolle,Zwolle,Overijssel,VBO,6.110867,52.483103
Van der Capellenstraat,266,,,8014VZ,Zwolle,Zwolle,Overijssel,VBO,6.110801,52.483108
Van der Capellenstraat,268,,,8014VZ,Zwolle,Zwolle,Overijssel,VBO,6.110738,52.483125
Van der Capellenstraat,270,,,8014VZ,Zwolle,Zwolle,Overijssel,VBO,6.110672,52.483157
Van der Capellenstraat,272,,,8014VZ,Zwolle,Zwolle,Overijssel,VBO,6.110617,52.483188
Van der Capellenstraat,274,,,8014VZ,Zwolle,Zwolle,Overijssel,VBO,6.110569,52.483225
Van der Capellenstraat,276,,,8014VZ,Zwolle,Zwolle,Overijssel,VBO,6.109541,52.483223
Van der Capellenstraat,278,,,8014VZ,Zwolle,Zwolle,Overijssel,VBO,6.109678,52.483164
Van der Capellenstraat,280,,,8014VZ,Zwolle,Zwolle,Overijssel,VBO,6.109616,52.482934
Van der Capellenstraat,282,,,8014VZ,Zwolle,Zwolle,Overijssel,VBO,6.109426,52.483222
Van der Capellenstraat,284,,,8014VZ,Zwolle,Zwolle,Overijssel,VBO,6.109795,52.483036
Van der Capellenstraat,286,,,8014VZ,Zwolle,Zwolle,Overijssel,VBO,6.109627,52.482953
Van der Capellenstraat,288,,,8014VZ,Zwolle,Zwolle,Overijssel,VBO,6.109434,52.483236
Van der Capellenstraat,290,,,8014VZ,Zwolle,Zwolle,Overijssel,VBO,6.109584,52.483283
Van der Capellenstraat,292,,,8014VZ,Zwolle,Zwolle,Overijssel,VBO,6.109770,52.483015
Van der Capellenstraat,294,,,8014VZ,Zwolle,Zwolle,Overijssel,VBO,6.109657,52.482972
Van der Capellenstraat,296,,,8014VZ,Zwolle,Zwolle,Overijssel,VBO,6.109446,52.483208
Van der Capellenstraat,298,,,8014VZ,Zwolle,Zwolle,Overijssel,VBO,6.109591,52.483262
Van der Capellenstraat,300,,,8014VZ,Zwolle,Zwolle,Overijssel,VBO,6.109777,52.483064
Van der Capellenstraat,302,,,8014VZ,Zwolle,Zwolle,Overijssel,VBO,6.109596,52.482973
Van der Capellenstraat,304,,,8014VZ,Zwolle,Zwolle,Overijssel,VBO,6.109453,52.483183
Van der Capellenstraat,306,,,8014VZ,Zwolle,Zwolle,Overijssel,VBO,6.109621,52.483239
Van der Capellenstraat,308,,,8014VZ,Zwolle,Zwolle,Overijssel,VBO,6.109734,52.483045
Van der Capellenstraat,310,,,8014VZ,Zwolle,Zwolle,Overijssel,VBO,6.109598,52.482999
Van der Capellenstraat,312,,,8014VZ,Zwolle,Zwolle,Overijssel,VBO,6.109469,52.483155
Van der Capellenstraat,314,,,8014VZ,Zwolle,Zwolle,Overijssel,VBO,6.109640,52.483212
Van der Capellenstraat,316,,,8014VZ,Zwolle,Zwolle,Overijssel,VBO,6.109732,52.483128
Van der Capellenstraat,318,,,8014VZ,Zwolle,Zwolle,Overijssel,VBO,6.109563,52.483078
Van der Capellenstraat,320,,,8014VZ,Zwolle,Zwolle,Overijssel,VBO,6.109467,52.483259
Van der Capellenstraat,322,,,8014VZ,Zwolle,Zwolle,Overijssel,VBO,6.109547,52.483273
Van der Capellenstraat,324,,,8014VZ,Zwolle,Zwolle,Overijssel,VBO,6.109704,52.483144
Van der Capellenstraat,326,,,8014VZ,Zwolle,Zwolle,Overijssel,VBO,6.109514,52.483087
Van der Capellenstraat,330,,,8014VZ,Zwolle,Zwolle,Overijssel,VBO,6.109555,52.483252
Van der Capellenstraat,332,,,8014VZ,Zwolle,Zwolle,Overijssel,VBO,6.109696,52.483116
Van der Capellenstraat,334,,,8014VZ,Zwolle,Zwolle,Overijssel,VBO,6.109515,52.483062
Van der Capellenstraat,336,,,8014VZ,Zwolle,Zwolle,Overijssel,VBO,6.109492,52.483218
Van der Capellenstraat,338,,,8014VZ,Zwolle,Zwolle,Overijssel,VBO,6.109577,52.483237
Van der Capellenstraat,340,,,8014VZ,Zwolle,Zwolle,Overijssel,VBO,6.109620,52.483104
Van der Capellenstraat,342,,,8014VZ,Zwolle,Zwolle,Overijssel,VBO,6.109685,52.483013
Ministerlaan,52,,,8014WB,Zwolle,Zwolle,Overijssel,VBO,6.110997,52.479179
Ministerlaan,54,,,8014WB,Zwolle,Zwolle,Overijssel,VBO,6.110961,52.479221
Ministerlaan,56,,,8014WB,Zwolle,Zwolle,Overijssel,VBO,6.110920,52.479261
Ministerlaan,58,,,8014WB,Zwolle,Zwolle,Overijssel,VBO,6.110864,52.479298
Ministerlaan,60,,,8014WB,Zwolle,Zwolle,Overijssel,VBO,6.110798,52.479362
Ministerlaan,62,,,8014WB,Zwolle,Zwolle,Overijssel,VBO,6.110773,52.479412
Ministerlaan,64,,,8014WB,Zwolle,Zwolle,Overijssel,VBO,6.110737,52.479450
Ministerlaan,66,,,8014WB,Zwolle,Zwolle,Overijssel,VBO,6.110703,52.479492
Ministerlaan,68,,,8014WB,Zwolle,Zwolle,Overijssel,VBO,6.110664,52.479532
Ministerlaan,70,,,8014WB,Zwolle,Zwolle,Overijssel,VBO,6.110617,52.479571
Ministerlaan,72,,,8014WB,Zwolle,Zwolle,Overijssel,VBO,6.110568,52.479648
Ministerlaan,74,,,8014WB,Zwolle,Zwolle,Overijssel,VBO,6.110547,52.479695
Ministerlaan,76,,,8014WB,Zwolle,Zwolle,Overijssel,VBO,6.110520,52.479740
Ministerlaan,78,,,8014WB,Zwolle,Zwolle,Overijssel,VBO,6.110496,52.479782
Ministerlaan,80,,,8014WB,Zwolle,Zwolle,Overijssel,VBO,6.110473,52.479825
Ministerlaan,82,,,8014WB,Zwolle,Zwolle,Overijssel,VBO,6.110445,52.479867
Ministerlaan,84,,,8014WC,Zwolle,Zwolle,Overijssel,VBO,6.110154,52.480014
Ministerlaan,86,,,8014WC,Zwolle,Zwolle,Overijssel,VBO,6.110096,52.480000
Ministerlaan,88,,,8014WC,Zwolle,Zwolle,Overijssel,VBO,6.110022,52.479983
Ministerlaan,90,,,8014WC,Zwolle,Zwolle,Overijssel,VBO,6.109939,52.479971
Ministerlaan,92,,,8014WC,Zwolle,Zwolle,Overijssel,VBO,6.109837,52.480148
Ministerlaan,94,,,8014WC,Zwolle,Zwolle,Overijssel,VBO,6.109822,52.480197
Ministerlaan,96,,,8014WC,Zwolle,Zwolle,Overijssel,VBO,6.109797,52.480243
Ministerlaan,98,,,8014WC,Zwolle,Zwolle,Overijssel,VBO,6.109773,52.480284
Ministerlaan,100,,,8014WC,Zwolle,Zwolle,Overijssel,VBO,6.109743,52.480328
Ministerlaan,102,,,8014WC,Zwolle,Zwolle,Overijssel,VBO,6.109698,52.480389
Ministerlaan,104,,,8014WC,Zwolle,Zwolle,Overijssel,VBO,6.109677,52.480434
Ministerlaan,106,,,8014WC,Zwolle,Zwolle,Overijssel,VBO,6.109644,52.480471
Ministerlaan,108,,,8014WC,Zwolle,Zwolle,Overijssel,VBO,6.109586,52.480511
Ministerlaan,95,,,8014WD,Zwolle,Zwolle,Overijssel,VBO,6.110661,52.479121
Ministerlaan,97,,,8014WD,Zwolle,Zwolle,Overijssel,VBO,6.110600,52.479093
Ministerlaan,99,,,8014WD,Zwolle,Zwolle,Overijssel,VBO,6.110541,52.479068
Ministerlaan,101,,,8014WD,Zwolle,Zwolle,Overijssel,VBO,6.110480,52.479041
Ministerlaan,103,,,8014WD,Zwolle,Zwolle,Overijssel,VBO,6.110404,52.479019
Ministerlaan,105,,,8014WD,Zwolle,Zwolle,Overijssel,VBO,6.110166,52.478839
Ministerlaan,107,,,8014WD,Zwolle,Zwolle,Overijssel,VBO,6.110141,52.478880
Ministerlaan,109,,,8014WD,Zwolle,Zwolle,Overijssel,VBO,6.110099,52.478918
Ministerlaan,111,,,8014WD,Zwolle,Zwolle,Overijssel,VBO,6.110059,52.478955
Ministerlaan,113,,,8014WD,Zwolle,Zwolle,Overijssel,VBO,6.110012,52.478990
Ministerlaan,115,,,8014WD,Zwolle,Zwolle,Overijssel,VBO,6.109960,52.479029
Ministerlaan,117,,,8014WD,Zwolle,Zwolle,Overijssel,VBO,6.109925,52.479096
Ministerlaan,119,,,8014WD,Zwolle,Zwolle,Overijssel,VBO,6.109909,52.479143
Ministerlaan,121,,,8014WD,Zwolle,Zwolle,Overijssel,VBO,6.109881,52.479185
Ministerlaan,123,,,8014WD,Zwolle,Zwolle,Overijssel,VBO,6.109856,52.479227
Ministerlaan,125,,,8014WD,Zwolle,Zwolle,Overijssel,VBO,6.109818,52.479270
Ministerlaan,127,,,8014WD,Zwolle,Zwolle,Overijssel,VBO,6.109787,52.479310
Ministerlaan,129,,,8014WD,Zwolle,Zwolle,Overijssel,VBO,6.109760,52.479352
Ministerlaan,131,,,8014WD,Zwolle,Zwolle,Overijssel,VBO,6.109721,52.479395
Ministerlaan,133,,,8014WE,Zwolle,Zwolle,Overijssel,VBO,6.110128,52.479388
Ministerlaan,135,,,8014WE,Zwolle,Zwolle,Overijssel,VBO,6.110213,52.479413
Ministerlaan,137,,,8014WE,Zwolle,Zwolle,Overijssel,VBO,6.110282,52.479436
Ministerlaan,139,,,8014WE,Zwolle,Zwolle,Overijssel,VBO,6.110329,52.479454
Ministerlaan,141,,,8014WE,Zwolle,Zwolle,Overijssel,VBO,6.110178,52.479684
Ministerlaan,143,,,8014WE,Zwolle,Zwolle,Overijssel,VBO,6.110129,52.479671
Ministerlaan,145,,,8014WE,Zwolle,Zwolle,Overijssel,VBO,6.110054,52.479654
Ministerlaan,147,,,8014WE,Zwolle,Zwolle,Overijssel,VBO,6.109960,52.479638
Ministerlaan,149,,,8014WE,Zwolle,Zwolle,Overijssel,VBO,6.109904,52.479602
Ministerlaan,151,,,8014WE,Zwolle,Zwolle,Overijssel,VBO,6.109855,52.479589
Ministerlaan,153,,,8014WE,Zwolle,Zwolle,Overijssel,VBO,6.109782,52.479575
Ministerlaan,155,,,8014WE,Zwolle,Zwolle,Overijssel,VBO,6.109715,52.479560
Ministerlaan,157,,,8014WE,Zwolle,Zwolle,Overijssel,VBO,6.109645,52.479543
Ministerlaan,159,,,8014WE,Zwolle,Zwolle,Overijssel,VBO,6.109547,52.479526
Ministerlaan,161,,,8014WG,Zwolle,Zwolle,Overijssel,VBO,6.109549,52.479762
Ministerlaan,163,,,8014WG,Zwolle,Zwolle,Overijssel,VBO,6.109534,52.479810
Ministerlaan,165,,,8014WG,Zwolle,Zwolle,Overijssel,VBO,6.109509,52.479854
Ministerlaan,167,,,8014WG,Zwolle,Zwolle,Overijssel,VBO,6.109485,52.479898
Ministerlaan,169,,,8014WG,Zwolle,Zwolle,Overijssel,VBO,6.109462,52.479940
Ministerlaan,171,,,8014WG,Zwolle,Zwolle,Overijssel,VBO,6.109436,52.479982
Ministerlaan,173,,,8014WG,Zwolle,Zwolle,Overijssel,VBO,6.109411,52.480028
Ministerlaan,175,,,8014WG,Zwolle,Zwolle,Overijssel,VBO,6.109387,52.480071
Ministerlaan,177,,,8014WG,Zwolle,Zwolle,Overijssel,VBO,6.109354,52.480111
Ministerlaan,179,,,8014WG,Zwolle,Zwolle,Overijssel,VBO,6.109333,52.480176
Ministerlaan,181,,,8014WG,Zwolle,Zwolle,Overijssel,VBO,6.109311,52.480222
Ministerlaan,183,,,8014WG,Zwolle,Zwolle,Overijssel,VBO,6.109276,52.480262
Ministerlaan,185,,,8014WG,Zwolle,Zwolle,Overijssel,VBO,6.109234,52.480299
Ministerlaan,187,,,8014WG,Zwolle,Zwolle,Overijssel,VBO,6.109203,52.480341
Ministerlaan,189,,,8014WG,Zwolle,Zwolle,Overijssel,VBO,6.109161,52.480382
Ministerlaan,191,,,8014WG,Zwolle,Zwolle,Overijssel,VBO,6.109124,52.480421
Ministerlaan,193,,,8014WG,Zwolle,Zwolle,Overijssel,VBO,6.109069,52.480458
Tak van Poortvlietware,2,,,8014WH,Zwolle,Zwolle,Overijssel,VBO,6.109814,52.480634
Tak van Poortvlietware,4,,,8014WH,Zwolle,Zwolle,Overijssel,VBO,6.109879,52.480670
Tak van Poortvlietware,6,,,8014WH,Zwolle,Zwolle,Overijssel,VBO,6.109939,52.480697
Tak van Poortvlietware,8,,,8014WH,Zwolle,Zwolle,Overijssel,VBO,6.109999,52.480726
Tak van Poortvlietware,10,,,8014WH,Zwolle,Zwolle,Overijssel,VBO,6.110066,52.480754
Tak van Poortvlietware,12,,,8014WH,Zwolle,Zwolle,Overijssel,VBO,6.110126,52.480781
Tak van Poortvlietware,14,,,8014WH,Zwolle,Zwolle,Overijssel,VBO,6.110188,52.480807
Tak van Poortvlietware,16,,,8014WH,Zwolle,Zwolle,Overijssel,VBO,6.110245,52.480834
Tak van Poortvlietware,18,,,8014WH,Zwolle,Zwolle,Overijssel,VBO,6.110298,52.480856
Tak van Poortvlietware,20,,,8014WH,Zwolle,Zwolle,Overijssel,VBO,6.110595,52.480641
Tak van Poortvlietware,22,,,8014WH,Zwolle,Zwolle,Overijssel,VBO,6.110545,52.480612
Tak van Poortvlietware,24,,,8014WH,Zwolle,Zwolle,Overijssel,VBO,6.110485,52.480586
Tak van Poortvlietware,26,,,8014WH,Zwolle,Zwolle,Overijssel,VBO,6.110426,52.480557
Tak van Poortvlietware,28,,,8014WH,Zwolle,Zwolle,Overijssel,VBO,6.110366,52.480527
Tak van Poortvlietware,30,,,8014WH,Zwolle,Zwolle,Overijssel,VBO,6.110306,52.480500
Tak van Poortvlietware,32,A,,8014WH,Zwolle,Zwolle,Overijssel,VBO,6.110155,52.480432
Tak van Poortvlietware,32,,,8014WH,Zwolle,Zwolle,Overijssel,VBO,6.110226,52.480472
Tak van Poortvlietware,34,,,8014WH,Zwolle,Zwolle,Overijssel,VBO,6.110177,52.480370
Tak van Poortvlietware,36,,,8014WH,Zwolle,Zwolle,Overijssel,VBO,6.110199,52.480325
Tak van Poortvlietware,38,,,8014WH,Zwolle,Zwolle,Overijssel,VBO,6.110221,52.480280
Tak van Poortvlietware,40,,,8014WH,Zwolle,Zwolle,Overijssel,VBO,6.110250,52.480236
Tak van Poortvlietware,42,,,8014WH,Zwolle,Zwolle,Overijssel,VBO,6.110627,52.480257
Tak van Poortvlietware,44,,,8014WH,Zwolle,Zwolle,Overijssel,VBO,6.110654,52.480208
Tak van Poortvlietware,46,,,8014WH,Zwolle,Zwolle,Overijssel,VBO,6.110678,52.480164
Tak van Poortvlietware,48,,,8014WH,Zwolle,Zwolle,Overijssel,VBO,6.110701,52.480120
Tak van Poortvlietware,1,,,8014WJ,Zwolle,Zwolle,Overijssel,VBO,6.110802,52.480858
Tak van Poortvlietware,3,,,8014WJ,Zwolle,Zwolle,Overijssel,VBO,6.110859,52.480810
Tak van Poortvlietware,5,,,8014WJ,Zwolle,Zwolle,Overijssel,VBO,6.110911,52.480765
Tak van Poortvlietware,7,,,8014WJ,Zwolle,Zwolle,Overijssel,VBO,6.110963,52.480722
Tak van Poortvlietware,9,,,8014WJ,Zwolle,Zwolle,Overijssel,VBO,6.111032,52.480671
Tak van Poortvlietware,11,,,8014WJ,Zwolle,Zwolle,Overijssel,VBO,6.111082,52.480619
Tak van Poortvlietware,13,,,8014WJ,Zwolle,Zwolle,Overijssel,VBO,6.111134,52.480561
Tak van Poortvlietware,15,,,8014WJ,Zwolle,Zwolle,Overijssel,VBO,6.111186,52.480509
Tak van Poortvlietware,17,,,8014WJ,Zwolle,Zwolle,Overijssel,VBO,6.111233,52.480459
Tak van Poortvlietware,19,,,8014WJ,Zwolle,Zwolle,Overijssel,VBO,6.111274,52.480415
Van Zuylenware,2,,,8014WK,Zwolle,Zwolle,Overijssel,VBO,6.110565,52.480968
Van Zuylenware,4,,,8014WK,Zwolle,Zwolle,Overijssel,VBO,6.110617,52.481005
Van Zuylenware,6,,,8014WK,Zwolle,Zwolle,Overijssel,VBO,6.110674,52.481033
Van Zuylenware,8,,,8014WK,Zwolle,Zwolle,Overijssel,VBO,6.110734,52.481065
Van Zuylenware,10,,,8014WK,Zwolle,Zwolle,Overijssel,VBO,6.110791,52.481092
Van Zuylenware,12,,,8014WK,Zwolle,Zwolle,Overijssel,VBO,6.110873,52.481131
Van Zuylenware,14,G,1,8014WK,Zwolle,Zwolle,Overijssel,VBO,6.110966,52.481213
Van Zuylenware,14,G,2,8014WK,Zwolle,Zwolle,Overijssel,VBO,6.110993,52.481191
Van Zuylenware,14,G,3,8014WK,Zwolle,Zwolle,Overijssel,VBO,6.111022,52.481169
Van Zuylenware,14,G,4,8014WK,Zwolle,Zwolle,Overijssel,VBO,6.111049,52.481145
Van Zuylenware,14,G,5,8014WK,Zwolle,Zwolle,Overijssel,VBO,6.111074,52.481124
Van Zuylenware,14,G,6,8014WK,Zwolle,Zwolle,Overijssel,VBO,6.111101,52.481102
Van Zuylenware,14,,,8014WK,Zwolle,Zwolle,Overijssel,VBO,6.110946,52.481174
Van Zuylenware,16,,,8014WK,Zwolle,Zwolle,Overijssel,VBO,6.111111,52.481034
Van Zuylenware,18,,,8014WK,Zwolle,Zwolle,Overijssel,VBO,6.111180,52.480998
Van Zuylenware,20,,,8014WK,Zwolle,Zwolle,Overijssel,VBO,6.111239,52.480961
Van Zuylenware,22,,,8014WK,Zwolle,Zwolle,Overijssel,VBO,6.111287,52.480931
Van Zuylenware,24,,,8014WK,Zwolle,Zwolle,Overijssel,VBO,6.111380,52.480862
Van Zuylenware,26,,,8014WK,Zwolle,Zwolle,Overijssel,VBO,6.111424,52.480819
Van Zuylenware,28,,,8014WK,Zwolle,Zwolle,Overijssel,VBO,6.111480,52.480773
Van Zuylenware,30,,,8014WK,Zwolle,Zwolle,Overijssel,VBO,6.111530,52.480732
Van Zuylenware,32,,,8014WK,Zwolle,Zwolle,Overijssel,VBO,6.111589,52.480652
Van Zuylenware,34,,,8014WK,Zwolle,Zwolle,Overijssel,VBO,6.111630,52.480604
Van Zuylenware,36,,,8014WK,Zwolle,Zwolle,Overijssel,VBO,6.111671,52.480562
Van Zuylenware,38,,,8014WK,Zwolle,Zwolle,Overijssel,VBO,6.111702,52.480525
Van Zuylenware,42,,,8014WL,Zwolle,Zwolle,Overijssel,VBO,6.112411,52.480264
Van Zuylenware,44,,,8014WL,Zwolle,Zwolle,Overijssel,VBO,6.112360,52.480223
Van Zuylenware,46,,,8014WL,Zwolle,Zwolle,Overijssel,VBO,6.112308,52.480188
Van Zuylenware,48,,,8014WL,Zwolle,Zwolle,Overijssel,VBO,6.112251,52.480156
Van Zuylenware,50,,,8014WL,Zwolle,Zwolle,Overijssel,VBO,6.112184,52.480125
Van Zuylenware,52,,,8014WL,Zwolle,Zwolle,Overijssel,VBO,6.112085,52.480061
Van Zuylenware,54,,,8014WL,Zwolle,Zwolle,Overijssel,VBO,6.112036,52.480035
Van Zuylenware,56,,,8014WL,Zwolle,Zwolle,Overijssel,VBO,6.111974,52.480007
Van Zuylenware,58,,,8014WL,Zwolle,Zwolle,Overijssel,VBO,6.111901,52.479973
Van Zuylenware,60,,,8014WL,Zwolle,Zwolle,Overijssel,VBO,6.111833,52.479947
Van Zuylenware,62,,,8014WL,Zwolle,Zwolle,Overijssel,VBO,6.111755,52.479916
Van Zuylenware,64,,,8014WL,Zwolle,Zwolle,Overijssel,VBO,6.111626,52.479886
Van Zuylenware,66,,,8014WL,Zwolle,Zwolle,Overijssel,VBO,6.111560,52.479867
Van Zuylenware,68,,,8014WL,Zwolle,Zwolle,Overijssel,VBO,6.111490,52.479844
Van Zuylenware,70,,,8014WL,Zwolle,Zwolle,Overijssel,VBO,6.111414,52.479821
Van Zuylenware,72,,,8014WL,Zwolle,Zwolle,Overijssel,VBO,6.111337,52.479801
Van Zuylenware,1,,,8014WN,Zwolle,Zwolle,Overijssel,VBO,6.111113,52.481391
Van Zuylenware,3,,,8014WN,Zwolle,Zwolle,Overijssel,VBO,6.111171,52.481356
Van Zuylenware,5,,,8014WN,Zwolle,Zwolle,Overijssel,VBO,6.111223,52.481325
Van Zuylenware,7,,,8014WN,Zwolle,Zwolle,Overijssel,VBO,6.111282,52.481282
Van Zuylenware,9,,,8014WN,Zwolle,Zwolle,Overijssel,VBO,6.111345,52.481235
Van Zuylenware,11,,,8014WN,Zwolle,Zwolle,Overijssel,VBO,6.111411,52.481195
Van Zuylenware,13,,,8014WN,Zwolle,Zwolle,Overijssel,VBO,6.111479,52.481158
Van Zuylenware,15,,,8014WN,Zwolle,Zwolle,Overijssel,VBO,6.111540,52.481118
Van Zuylenware,17,,,8014WN,Zwolle,Zwolle,Overijssel,VBO,6.111594,52.481087
Van Zuylenware,19,,,8014WN,Zwolle,Zwolle,Overijssel,VBO,6.111656,52.481047
Van Zuylenware,21,,,8014WN,Zwolle,Zwolle,Overijssel,VBO,6.111772,52.480955
Van Zuylenware,23,,,8014WN,Zwolle,Zwolle,Overijssel,VBO,6.111817,52.480908
Van Zuylenware,25,,,8014WN,Zwolle,Zwolle,Overijssel,VBO,6.111891,52.480823
Van Zuylenware,27,,,8014WN,Zwolle,Zwolle,Overijssel,VBO,6.111933,52.480774
Van Zuylenware,29,,,8014WN,Zwolle,Zwolle,Overijssel,VBO,6.112153,52.480718
Van Zuylenware,31,,,8014WN,Zwolle,Zwolle,Overijssel,VBO,6.112212,52.480684
Van Zuylenware,33,,,8014WN,Zwolle,Zwolle,Overijssel,VBO,6.112358,52.480577
Van Zuylenware,35,,,8014WN,Zwolle,Zwolle,Overijssel,VBO,6.112420,52.480543
Van Zuylenware,37,,,8014WN,Zwolle,Zwolle,Overijssel,VBO,6.112535,52.480476
Van Zuylenware,39,,,8014WN,Zwolle,Zwolle,Overijssel,VBO,6.112600,52.480437
Van Zuylenware,41,,,8014WN,Zwolle,Zwolle,Overijssel,VBO,6.112725,52.480380
Van Zuylenware,43,,,8014WN,Zwolle,Zwolle,Overijssel,VBO,6.112780,52.480340
Van Zuylenware,45,,,8014WP,Zwolle,Zwolle,Overijssel,VBO,6.113146,52.480236
Van Zuylenware,47,,,8014WP,Zwolle,Zwolle,Overijssel,VBO,6.113015,52.480159
Van Zuylenware,49,,,8014WP,Zwolle,Zwolle,Overijssel,VBO,6.112933,52.480111
Van Zuylenware,51,,,8014WP,Zwolle,Zwolle,Overijssel,VBO,6.112823,52.480077
Van Zuylenware,53,,,8014WP,Zwolle,Zwolle,Overijssel,VBO,6.112670,52.480034
Van Zuylenware,55,,,8014WP,Zwolle,Zwolle,Overijssel,VBO,6.112554,52.479975
Van Zuylenware,57,,,8014WP,Zwolle,Zwolle,Overijssel,VBO,6.112525,52.479916
Van Zuylenware,59,,,8014WP,Zwolle,Zwolle,Overijssel,VBO,6.112412,52.479887
Van Zuylenware,61,,,8014WP,Zwolle,Zwolle,Overijssel,VBO,6.112274,52.479828
Van Zuylenware,63,,,8014WP,Zwolle,Zwolle,Overijssel,VBO,6.112164,52.479770
Van Zuylenware,65,,,8014WP,Zwolle,Zwolle,Overijssel,VBO,6.112057,52.479747
Van Zuylenware,67,,,8014WP,Zwolle,Zwolle,Overijssel,VBO,6.111993,52.479715
Van Zuylenware,69,,,8014WP,Zwolle,Zwolle,Overijssel,VBO,6.111925,52.479687
Van Zuylenware,71,,,8014WP,Zwolle,Zwolle,Overijssel,VBO,6.111857,52.479659
Van Zuylenware,73,,,8014WP,Zwolle,Zwolle,Overijssel,VBO,6.111794,52.479633
Van Zuylenware,75,,,8014WP,Zwolle,Zwolle,Overijssel,VBO,6.111735,52.479605
Van Zuylenware,77,,,8014WP,Zwolle,Zwolle,Overijssel,VBO,6.111667,52.479582
Van Zuylenware,79,,,8014WR,Zwolle,Zwolle,Overijssel,VBO,6.111373,52.479337
Van Zuylenware,81,,,8014WR,Zwolle,Zwolle,Overijssel,VBO,6.111344,52.479373
Van Zuylenware,83,,,8014WR,Zwolle,Zwolle,Overijssel,VBO,6.111293,52.479419
Van Zuylenware,85,,,8014WR,Zwolle,Zwolle,Overijssel,VBO,6.111241,52.479451
Van Zuylenware,87,,,8014WR,Zwolle,Zwolle,Overijssel,VBO,6.111124,52.479511
Van Zuylenware,89,,,8014WR,Zwolle,Zwolle,Overijssel,VBO,6.111102,52.479557
Van Zuylenware,91,,,8014WR,Zwolle,Zwolle,Overijssel,VBO,6.111070,52.479603
Van Zuylenware,93,,,8014WR,Zwolle,Zwolle,Overijssel,VBO,6.111037,52.479645
Van Zuylenware,95,,,8014WR,Zwolle,Zwolle,Overijssel,VBO,6.111000,52.479687
Van Zuylenware,97,,,8014WR,Zwolle,Zwolle,Overijssel,VBO,6.110964,52.479720
Van Zuylenware,99,,,8014WR,Zwolle,Zwolle,Overijssel,VBO,6.110911,52.479805
Van Zuylenware,101,,,8014WR,Zwolle,Zwolle,Overijssel,VBO,6.110910,52.479853
Van Zuylenware,103,,,8014WR,Zwolle,Zwolle,Overijssel,VBO,6.110888,52.479902
Van Zuylenware,105,,,8014WR,Zwolle,Zwolle,Overijssel,VBO,6.110848,52.479940
Rochussenware,1,,,8014WS,Zwolle,Zwolle,Overijssel,VBO,6.110222,52.480037
Rochussenware,2,T,1,8014WS,Zwolle,Zwolle,Overijssel,VBO,6.110696,52.479918
Rochussenware,2,,,8014WS,Zwolle,Zwolle,Overijssel,VBO,6.111158,52.480064
Rochussenware,3,,,8014WS,Zwolle,Zwolle,Overijssel,VBO,6.110296,52.480057
Rochussenware,4,,,8014WS,Zwolle,Zwolle,Overijssel,VBO,6.111218,52.480097
Rochussenware,5,,,8014WS,Zwolle,Zwolle,Overijssel,VBO,6.110367,52.480072
Rochussenware,6,,,8014WS,Zwolle,Zwolle,Overijssel,VBO,6.111284,52.480131
Rochussenware,7,,,8014WS,Zwolle,Zwolle,Overijssel,VBO,6.110441,52.480084
Rochussenware,8,,,8014WS,Zwolle,Zwolle,Overijssel,VBO,6.111338,52.480165
Rochussenware,10,,,8014WS,Zwolle,Zwolle,Overijssel,VBO,6.111427,52.480233
Rochussenware,12,,,8014WS,Zwolle,Zwolle,Overijssel,VBO,6.111500,52.480252
Rochussenware,14,,,8014WS,Zwolle,Zwolle,Overijssel,VBO,6.111573,52.480280
Rochussenware,16,,,8014WS,Zwolle,Zwolle,Overijssel,VBO,6.111648,52.480305
Rochussenware,18,,,8014WS,Zwolle,Zwolle,Overijssel,VBO,6.111720,52.480330
Rochussenware,20,,,8014WS,Zwolle,Zwolle,Overijssel,VBO,6.111780,52.480349
Rochussenware,22,,,8014WS,Zwolle,Zwolle,Overijssel,VBO,6.111889,52.480387
Rochussenware,24,,,8014WS,Zwolle,Zwolle,Overijssel,VBO,6.111949,52.480418
Rochussenware,26,,,8014WS,Zwolle,Zwolle,Overijssel,VBO,6.112025,52.480454
Rochussenware,28,,,8014WS,Zwolle,Zwolle,Overijssel,VBO,6.112082,52.480478
Broederschap,2,T,1,8014XA,Zwolle,Zwolle,Overijssel,VBO,6.112921,52.483145
Broederschap,2,,,8014XA,Zwolle,Zwolle,Overijssel,VBO,6.112753,52.482889
Broederschap,1,,,8014XB,Zwolle,Zwolle,Overijssel,VBO,6.114182,52.483372
Broederschap,3,,,8014XB,Zwolle,Zwolle,Overijssel,VBO,6.114041,52.483326
Broederschap,5,,,8014XB,Zwolle,Zwolle,Overijssel,VBO,6.113906,52.483275
Broederschap,7,,,8014XB,Zwolle,Zwolle,Overijssel,VBO,6.114190,52.483355
Broederschap,9,,,8014XB,Zwolle,Zwolle,Overijssel,VBO,6.114053,52.483298
Broederschap,11,,,8014XB,Zwolle,Zwolle,Overijssel,VBO,6.113910,52.483257
Broederschap,13,,,8014XB,Zwolle,Zwolle,Overijssel,VBO,6.114200,52.483339
Broederschap,15,,,8014XB,Zwolle,Zwolle,Overijssel,VBO,6.114060,52.483278
Broederschap,17,,,8014XB,Zwolle,Zwolle,Overijssel,VBO,6.113910,52.483235
Broederschap,19,,,8014XB,Zwolle,Zwolle,Overijssel,VBO,6.113792,52.483221
Broederschap,21,,,8014XB,Zwolle,Zwolle,Overijssel,VBO,6.113695,52.483188
Broederschap,23,,,8014XB,Zwolle,Zwolle,Overijssel,VBO,6.113555,52.483139
Broederschap,25,,,8014XB,Zwolle,Zwolle,Overijssel,VBO,6.113808,52.483206
Broederschap,27,,,8014XB,Zwolle,Zwolle,Overijssel,VBO,6.113702,52.483167
Broederschap,29,,,8014XB,Zwolle,Zwolle,Overijssel,VBO,6.113560,52.483121
Broederschap,31,,,8014XB,Zwolle,Zwolle,Overijssel,VBO,6.113819,52.483191
Broederschap,33,,,8014XB,Zwolle,Zwolle,Overijssel,VBO,6.113703,52.483149
Broederschap,35,,,8014XB,Zwolle,Zwolle,Overijssel,VBO,6.113570,52.483102
Broederschap,37,,,8014XB,Zwolle,Zwolle,Overijssel,VBO,6.113441,52.483095
Broederschap,39,,,8014XB,Zwolle,Zwolle,Overijssel,VBO,6.113313,52.483049
Broederschap,41,,,8014XB,Zwolle,Zwolle,Overijssel,VBO,6.113182,52.483001
Broederschap,43,,,8014XB,Zwolle,Zwolle,Overijssel,VBO,6.113454,52.483081
Broederschap,45,,,8014XB,Zwolle,Zwolle,Overijssel,VBO,6.113326,52.483023
Broederschap,47,,,8014XB,Zwolle,Zwolle,Overijssel,VBO,6.113200,52.482983
Broederschap,49,,,8014XB,Zwolle,Zwolle,Overijssel,VBO,6.113476,52.483059
Broederschap,51,,,8014XB,Zwolle,Zwolle,Overijssel,VBO,6.113341,52.483004
Broederschap,53,,,8014XB,Zwolle,Zwolle,Overijssel,VBO,6.113218,52.482965
Gelijkheid,1,,,8014XC,Zwolle,Zwolle,Overijssel,VBO,6.112315,52.483090
Gelijkheid,2,,,8014XC,Zwolle,Zwolle,Overijssel,VBO,6.111778,52.483097
Gelijkheid,3,,,8014XC,Zwolle,Zwolle,Overijssel,VBO,6.112698,52.482701
Gelijkheid,4,,,8014XC,Zwolle,Zwolle,Overijssel,VBO,6.111881,52.483128
Gelijkheid,6,,,8014XC,Zwolle,Zwolle,Overijssel,VBO,6.111968,52.483163
Gelijkheid,8,,,8014XC,Zwolle,Zwolle,Overijssel,VBO,6.111801,52.483064
Gelijkheid,10,,,8014XC,Zwolle,Zwolle,Overijssel,VBO,6.111916,52.483091
Gelijkheid,12,,,8014XC,Zwolle,Zwolle,Overijssel,VBO,6.112002,52.483127
Gelijkheid,14,,,8014XC,Zwolle,Zwolle,Overijssel,VBO,6.112041,52.483220
Gelijkheid,16,,,8014XC,Zwolle,Zwolle,Overijssel,VBO,6.111831,52.483035
Gelijkheid,18,,,8014XC,Zwolle,Zwolle,Overijssel,VBO,6.111937,52.483062
Gelijkheid,20,,,8014XC,Zwolle,Zwolle,Overijssel,VBO,6.112023,52.483096
Gelijkheid,22,,,8014XC,Zwolle,Zwolle,Overijssel,VBO,6.112062,52.483190
Gelijkheid,24,,,8014XC,Zwolle,Zwolle,Overijssel,VBO,6.111850,52.483009
Gelijkheid,26,,,8014XC,Zwolle,Zwolle,Overijssel,VBO,6.111951,52.483037
Gelijkheid,28,,,8014XC,Zwolle,Zwolle,Overijssel,VBO,6.112050,52.483073
Gelijkheid,30,,,8014XC,Zwolle,Zwolle,Overijssel,VBO,6.112094,52.483161
Ministerlaan,201,,,8014XE,Zwolle,Zwolle,Overijssel,VBO,6.108329,52.482673
Ministerlaan,203,,,8014XE,Zwolle,Zwolle,Overijssel,VBO,6.108604,52.482850
Ministerlaan,110,,,8014XJ,Zwolle,Zwolle,Overijssel,VBO,6.109202,52.480921
Ministerlaan,112,,,8014XJ,Zwolle,Zwolle,Overijssel,VBO,6.109091,52.481029
Ministerlaan,114,,,8014XJ,Zwolle,Zwolle,Overijssel,VBO,6.109219,52.480933
Ministerlaan,116,,,8014XJ,Zwolle,Zwolle,Overijssel,VBO,6.109172,52.480988
Ministerlaan,118,,,8014XJ,Zwolle,Zwolle,Overijssel,VBO,6.109124,52.481033
Ministerlaan,120,,,8014XJ,Zwolle,Zwolle,Overijssel,VBO,6.109074,52.481094
Ministerlaan,122,,,8014XJ,Zwolle,Zwolle,Overijssel,VBO,6.109237,52.480941
Ministerlaan,124,,,8014XJ,Zwolle,Zwolle,Overijssel,VBO,6.109192,52.480998
Ministerlaan,126,,,8014XJ,Zwolle,Zwolle,Overijssel,VBO,6.109137,52.481045
Ministerlaan,128,,,8014XJ,Zwolle,Zwolle,Overijssel,VBO,6.109085,52.481108
Ministerlaan,130,,,8014XJ,Zwolle,Zwolle,Overijssel,VBO,6.109214,52.481008
Ministerlaan,132,,,8014XJ,Zwolle,Zwolle,Overijssel,VBO,6.109102,52.481118
Ministerlaan,134,,,8014XJ,Zwolle,Zwolle,Overijssel,VBO,6.108995,52.481139
Ministerlaan,136,,,8014XJ,Zwolle,Zwolle,Overijssel,VBO,6.108896,52.481250
Ministerlaan,138,,,8014XJ,Zwolle,Zwolle,Overijssel,VBO,6.109015,52.481150
Ministerlaan,140,,,8014XJ,Zwolle,Zwolle,Overijssel,VBO,6.108972,52.481197
Ministerlaan,142,,,8014XJ,Zwolle,Zwolle,Overijssel,VBO,6.108929,52.481259
Ministerlaan,144,,,8014XJ,Zwolle,Zwolle,Overijssel,VBO,6.108887,52.481326
Ministerlaan,146,,,8014XJ,Zwolle,Zwolle,Overijssel,VBO,6.109035,52.481159
Ministerlaan,148,,,8014XJ,Zwolle,Zwolle,Overijssel,VBO,6.108985,52.481209
Ministerlaan,150,,,8014XJ,Zwolle,Zwolle,Overijssel,VBO,6.108949,52.481270
Ministerlaan,152,,,8014XJ,Zwolle,Zwolle,Overijssel,VBO,6.108905,52.481337
Ministerlaan,154,,,8014XJ,Zwolle,Zwolle,Overijssel,VBO,6.109012,52.481220
Ministerlaan,156,,,8014XJ,Zwolle,Zwolle,Overijssel,VBO,6.108931,52.481351
Ministerlaan,158,,,8014XK,Zwolle,Zwolle,Overijssel,VBO,6.108822,52.481373
Ministerlaan,160,,,8014XK,Zwolle,Zwolle,Overijssel,VBO,6.108742,52.481486
Ministerlaan,162,,,8014XK,Zwolle,Zwolle,Overijssel,VBO,6.108838,52.481381
Ministerlaan,164,,,8014XK,Zwolle,Zwolle,Overijssel,VBO,6.108801,52.481434
Ministerlaan,166,,,8014XK,Zwolle,Zwolle,Overijssel,VBO,6.108764,52.481501
Ministerlaan,168,,,8014XK,Zwolle,Zwolle,Overijssel,VBO,6.108746,52.481556
Ministerlaan,170,,,8014XK,Zwolle,Zwolle,Overijssel,VBO,6.108858,52.481390
Ministerlaan,172,,,8014XK,Zwolle,Zwolle,Overijssel,VBO,6.108821,52.481447
Ministerlaan,174,,,8014XK,Zwolle,Zwolle,Overijssel,VBO,6.108786,52.481514
Ministerlaan,176,,,8014XK,Zwolle,Zwolle,Overijssel,VBO,6.108765,52.481571
Ministerlaan,178,,,8014XK,Zwolle,Zwolle,Overijssel,VBO,6.108843,52.481460
Ministerlaan,180,,,8014XK,Zwolle,Zwolle,Overijssel,VBO,6.108791,52.481584
Ministerlaan,182,,,8014XK,Zwolle,Zwolle,Overijssel,VBO,6.108687,52.481612
Ministerlaan,184,,,8014XK,Zwolle,Zwolle,Overijssel,VBO,6.108626,52.481737
Ministerlaan,186,,,8014XK,Zwolle,Zwolle,Overijssel,VBO,6.108718,52.481623
Ministerlaan,188,,,8014XK,Zwolle,Zwolle,Overijssel,VBO,6.108687,52.481682
Ministerlaan,190,,,8014XK,Zwolle,Zwolle,Overijssel,VBO,6.108659,52.481753
Ministerlaan,192,,,8014XK,Zwolle,Zwolle,Overijssel,VBO,6.108650,52.481805
Ministerlaan,194,,,8014XK,Zwolle,Zwolle,Overijssel,VBO,6.108739,52.481633
Ministerlaan,196,,,8014XK,Zwolle,Zwolle,Overijssel,VBO,6.108718,52.481697
Ministerlaan,198,,,8014XK,Zwolle,Zwolle,Overijssel,VBO,6.108686,52.481766
Ministerlaan,200,,,8014XK,Zwolle,Zwolle,Overijssel,VBO,6.108672,52.481819
Ministerlaan,202,,,8014XK,Zwolle,Zwolle,Overijssel,VBO,6.108744,52.481709
Ministerlaan,204,,,8014XK,Zwolle,Zwolle,Overijssel,VBO,6.108702,52.481830
Ministerlaan,206,,,8014XL,Zwolle,Zwolle,Overijssel,VBO,6.108547,52.481995
Ministerlaan,206,,,8014XL,Zwolle,Zwolle,Overijssel,VBO,6.108549,52.482006
Ministerlaan,208,A,,8014XL,Zwolle,Zwolle,Overijssel,VBO,6.108630,52.482045
Ministerlaan,208,B,,8014XL,Zwolle,Zwolle,Overijssel,VBO,6.108675,52.481995
Ministerlaan,208,C,,8014XL,Zwolle,Zwolle,Overijssel,VBO,6.108614,52.481952
Ministerlaan,208,D,,8014XL,Zwolle,Zwolle,Overijssel,VBO,6.108593,52.481990
Ministerlaan,208,E,,8014XL,Zwolle,Zwolle,Overijssel,VBO,6.108558,52.482042
Ministerlaan,208,F,,8014XL,Zwolle,Zwolle,Overijssel,VBO,6.108529,52.482081
Ministerlaan,208,,,8014XL,Zwolle,Zwolle,Overijssel,VBO,6.108601,52.482086
Ministerlaan,208,,,8014XL,Zwolle,Zwolle,Overijssel,VBO,6.108616,52.482017
Ministerlaan,210,A,,8014XL,Zwolle,Zwolle,Overijssel,VBO,6.108710,52.482041
Ministerlaan,210,,,8014XL,Zwolle,Zwolle,Overijssel,VBO,6.108671,52.482096
Ministerlaan,212,,,8014XL,Zwolle,Zwolle,Overijssel,VBO,6.108494,52.482307
Ministerlaan,214,,,8014XL,Zwolle,Zwolle,Overijssel,VBO,6.108594,52.482338
Ministerlaan,216,,,8014XL,Zwolle,Zwolle,Overijssel,VBO,6.108684,52.482369
Ministerlaan,218,,,8014XL,Zwolle,Zwolle,Overijssel,VBO,6.108774,52.482404
Ministerlaan,220,,,8014XL,Zwolle,Zwolle,Overijssel,VBO,6.108867,52.482438
Ministerlaan,222,,,8014XL,Zwolle,Zwolle,Overijssel,VBO,6.108948,52.482470
Ministerlaan,224,,,8014XL,Zwolle,Zwolle,Overijssel,VBO,6.109032,52.482504
Ministerlaan,226,,,8014XL,Zwolle,Zwolle,Overijssel,VBO,6.109127,52.482532
Ministerlaan,228,,,8014XL,Zwolle,Zwolle,Overijssel,VBO,6.109204,52.482564
Ministerlaan,230,,,8014XL,Zwolle,Zwolle,Overijssel,VBO,6.109291,52.482598
Ministerlaan,232,,,8014XL,Zwolle,Zwolle,Overijssel,VBO,6.108507,52.482281
Ministerlaan,234,,,8014XL,Zwolle,Zwolle,Overijssel,VBO,6.108601,52.482314
Ministerlaan,236,,,8014XL,Zwolle,Zwolle,Overijssel,VBO,6.108694,52.482348
Ministerlaan,238,,,8014XL,Zwolle,Zwolle,Overijssel,VBO,6.108790,52.482383
Ministerlaan,240,,,8014XL,Zwolle,Zwolle,Overijssel,VBO,6.108884,52.482418
Ministerlaan,242,,,8014XL,Zwolle,Zwolle,Overijssel,VBO,6.108957,52.482446
Ministerlaan,244,,,8014XL,Zwolle,Zwolle,Overijssel,VBO,6.109052,52.482484
Ministerlaan,246,,,8014XL,Zwolle,Zwolle,Overijssel,VBO,6.109131,52.482510
Ministerlaan,248,,,8014XL,Zwolle,Zwolle,Overijssel,VBO,6.109212,52.482542
Ministerlaan,250,,,8014XL,Zwolle,Zwolle,Overijssel,VBO,6.109296,52.482573
Ministerlaan,254,,,8014XM,Zwolle,Zwolle,Overijssel,VBO,6.108574,52.482364
Ministerlaan,258,,,8014XM,Zwolle,Zwolle,Overijssel,VBO,6.108751,52.482428
Ministerlaan,260,,,8014XM,Zwolle,Zwolle,Overijssel,VBO,6.108850,52.482463
Ministerlaan,264,,,8014XM,Zwolle,Zwolle,Overijssel,VBO,6.109026,52.482529
Ministerlaan,268,,,8014XM,Zwolle,Zwolle,Overijssel,VBO,6.109189,52.482582
Ministerlaan,274,,,8014XM,Zwolle,Zwolle,Overijssel,VBO,6.109470,52.482472
Patriottenlaan,1,,,8014XP,Zwolle,Zwolle,Overijssel,VBO,6.110984,52.482147
Patriottenlaan,2,,,8014XP,Zwolle,Zwolle,Overijssel,VBO,6.110043,52.482678
Patriottenlaan,3,T,1,8014XP,Zwolle,Zwolle,Overijssel,VBO,6.111591,52.482161
Patriottenlaan,3,,,8014XP,Zwolle,Zwolle,Overijssel,VBO,6.111510,52.482343
Patriottenlaan,4,,,8014XP,Zwolle,Zwolle,Overijssel,VBO,6.110113,52.482643
Patriottenlaan,5,,,8014XP,Zwolle,Zwolle,Overijssel,VBO,6.111790,52.482329
Patriottenlaan,6,,,8014XP,Zwolle,Zwolle,Overijssel,VBO,6.110136,52.482625
Patriottenlaan,7,,,8014XR,Zwolle,Zwolle,Overijssel,VBO,6.111922,52.482902
Patriottenlaan,9,,,8014XR,Zwolle,Zwolle,Overijssel,VBO,6.111974,52.482845
Patriottenlaan,11,,,8014XR,Zwolle,Zwolle,Overijssel,VBO,6.112026,52.482796
Patriottenlaan,13,,,8014XR,Zwolle,Zwolle,Overijssel,VBO,6.112069,52.482745
Patriottenlaan,15,,,8014XR,Zwolle,Zwolle,Overijssel,VBO,6.112122,52.482696
Patriottenlaan,17,,,8014XR,Zwolle,Zwolle,Overijssel,VBO,6.112174,52.482647
Patriottenlaan,19,,,8014XR,Zwolle,Zwolle,Overijssel,VBO,6.112231,52.482592
Patriottenlaan,21,,,8014XR,Zwolle,Zwolle,Overijssel,VBO,6.112279,52.482546
Patriottenlaan,23,,,8014XR,Zwolle,Zwolle,Overijssel,VBO,6.112329,52.482490
Patriottenlaan,25,,,8014XR,Zwolle,Zwolle,Overijssel,VBO,6.112372,52.482443
Patriottenlaan,27,,,8014XR,Zwolle,Zwolle,Overijssel,VBO,6.112571,52.482460
Patriottenlaan,29,,,8014XR,Zwolle,Zwolle,Overijssel,VBO,6.112478,52.482424
Patriottenlaan,31,,,8014XR,Zwolle,Zwolle,Overijssel,VBO,6.112388,52.482390
Patriottenlaan,33,,,8014XR,Zwolle,Zwolle,Overijssel,VBO,6.112310,52.482361
Patriottenlaan,35,,,8014XR,Zwolle,Zwolle,Overijssel,VBO,6.112217,52.482331
Patriottenlaan,37,,,8014XS,Zwolle,Zwolle,Overijssel,VBO,6.111963,52.482912
Patriottenlaan,39,,,8014XS,Zwolle,Zwolle,Overijssel,VBO,6.112020,52.482857
Patriottenlaan,41,,,8014XS,Zwolle,Zwolle,Overijssel,VBO,6.112065,52.482811
Patriottenlaan,43,,,8014XS,Zwolle,Zwolle,Overijssel,VBO,6.112113,52.482754
Patriottenlaan,45,,,8014XS,Zwolle,Zwolle,Overijssel,VBO,6.112165,52.482705
Patriottenlaan,47,,,8014XS,Zwolle,Zwolle,Overijssel,VBO,6.112211,52.482656
Patriottenlaan,49,,,8014XS,Zwolle,Zwolle,Overijssel,VBO,6.112268,52.482604
Patriottenlaan,51,,,8014XS,Zwolle,Zwolle,Overijssel,VBO,6.112315,52.482555
Patriottenlaan,53,,,8014XS,Zwolle,Zwolle,Overijssel,VBO,6.112373,52.482504
Patriottenlaan,55,,,8014XS,Zwolle,Zwolle,Overijssel,VBO,6.112413,52.482458
Patriottenlaan,57,,,8014XS,Zwolle,Zwolle,Overijssel,VBO,6.112582,52.482433
Patriottenlaan,59,,,8014XS,Zwolle,Zwolle,Overijssel,VBO,6.112495,52.482403
Patriottenlaan,61,,,8014XS,Zwolle,Zwolle,Overijssel,VBO,6.112404,52.482369
Patriottenlaan,63,,,8014XS,Zwolle,Zwolle,Overijssel,VBO,6.112324,52.482339
Patriottenlaan,65,,,8014XS,Zwolle,Zwolle,Overijssel,VBO,6.112258,52.482314
Patriottenlaan,67,,,8014XS,Zwolle,Zwolle,Overijssel,VBO,6.111636,52.482076
Patriottenlaan,69,,,8014XS,Zwolle,Zwolle,Overijssel,VBO,6.111696,52.482098
Patriottenlaan,71,,,8014XS,Zwolle,Zwolle,Overijssel,VBO,6.111761,52.482123
Patriottenlaan,103,,,8014XV,Zwolle,Zwolle,Overijssel,VBO,6.111764,52.482431
Patriottenlaan,105,,,8014XV,Zwolle,Zwolle,Overijssel,VBO,6.111842,52.482456
Patriottenlaan,107,,,8014XV,Zwolle,Zwolle,Overijssel,VBO,6.111905,52.482479
Patriottenlaan,109,,,8014XV,Zwolle,Zwolle,Overijssel,VBO,6.111971,52.482505
Patriottenlaan,113,,,8014XV,Zwolle,Zwolle,Overijssel,VBO,6.112117,52.482435
Patriottenlaan,115,,,8014XV,Zwolle,Zwolle,Overijssel,VBO,6.112042,52.482414
Patriottenlaan,117,,,8014XV,Zwolle,Zwolle,Overijssel,VBO,6.111974,52.482387
Patriottenlaan,119,,,8014XV,Zwolle,Zwolle,Overijssel,VBO,6.111918,52.482368
Patriottenlaan,121,,,8014XV,Zwolle,Zwolle,Overijssel,VBO,6.111842,52.482348
Patriottenlaan,201,,,8014XV,Zwolle,Zwolle,Overijssel,VBO,6.111707,52.482391
Patriottenlaan,203,,,8014XV,Zwolle,Zwolle,Overijssel,VBO,6.111776,52.482419
Patriottenlaan,205,,,8014XV,Zwolle,Zwolle,Overijssel,VBO,6.111858,52.482445
Patriottenlaan,207,,,8014XV,Zwolle,Zwolle,Overijssel,VBO,6.111919,52.482465
Patriottenlaan,209,,,8014XV,Zwolle,Zwolle,Overijssel,VBO,6.111985,52.482492
Patriottenlaan,211,,,8014XV,Zwolle,Zwolle,Overijssel,VBO,6.112058,52.482519
Patriottenlaan,213,,,8014XV,Zwolle,Zwolle,Overijssel,VBO,6.112105,52.482451
Patriottenlaan,215,,,8014XV,Zwolle,Zwolle,Overijssel,VBO,6.112030,52.482429
Patriottenlaan,217,,,8014XV,Zwolle,Zwolle,Overijssel,VBO,6.111967,52.482406
Patriottenlaan,219,,,8014XV,Zwolle,Zwolle,Overijssel,VBO,6.111911,52.482386
Patriottenlaan,221,,,8014XV,Zwolle,Zwolle,Overijssel,VBO,6.111835,52.482364
Patriottenlaan,223,,,8014XV,Zwolle,Zwolle,Overijssel,VBO,6.111758,52.482357
Vrijheid,2,,,8014XW,Zwolle,Zwolle,Overijssel,VBO,6.109365,52.482243
Vrijheid,4,A,,8014XW,Zwolle,Zwolle,Overijssel,VBO,6.108819,52.482066
Vrijheid,4,B,,8014XW,Zwolle,Zwolle,Overijssel,VBO,6.108753,52.482145
Vrijheid,4,,,8014XW,Zwolle,Zwolle,Overijssel,VBO,6.108927,52.482105
Vrijheid,6,T,1,8014XW,Zwolle,Zwolle,Overijssel,VBO,6.109383,52.482419
Vrijheid,6,,,8014XW,Zwolle,Zwolle,Overijssel,VBO,6.109440,52.482356
Vrijheid,8,,,8014XW,Zwolle,Zwolle,Overijssel,VBO,6.109525,52.482389
Vrijheid,10,,,8014XW,Zwolle,Zwolle,Overijssel,VBO,6.109568,52.482353
Vrijheid,12,,,8014XW,Zwolle,Zwolle,Overijssel,VBO,6.109478,52.482325
Vrijheid,1,,,8014XX,Zwolle,Zwolle,Overijssel,VBO,6.110505,52.481713
Vrijheid,3,,,8014XX,Zwolle,Zwolle,Overijssel,VBO,6.110377,52.481630
Vrijheid,5,,,8014XX,Zwolle,Zwolle,Overijssel,VBO,6.110239,52.481744
Vrijheid,7,,,8014XX,Zwolle,Zwolle,Overijssel,VBO,6.110506,52.481700
Vrijheid,9,,,8014XX,Zwolle,Zwolle,Overijssel,VBO,6.110435,52.481671
Vrijheid,11,,,8014XX,Zwolle,Zwolle,Overijssel,VBO,6.110375,52.481618
Vrijheid,13,,,8014XX,Zwolle,Zwolle,Overijssel,VBO,6.110302,52.481665
Vrijheid,15,,,8014XX,Zwolle,Zwolle,Overijssel,VBO,6.110220,52.481733
Vrijheid,17,,,8014XX,Zwolle,Zwolle,Overijssel,VBO,6.110508,52.481685
Vrijheid,19,,,8014XX,Zwolle,Zwolle,Overijssel,VBO,6.110436,52.481657
Vrijheid,21,,,8014XX,Zwolle,Zwolle,Overijssel,VBO,6.110366,52.481605
Vrijheid,23,,,8014XX,Zwolle,Zwolle,Overijssel,VBO,6.110288,52.481653
Vrijheid,25,,,8014XX,Zwolle,Zwolle,Overijssel,VBO,6.110199,52.481722
Vrijheid,27,,,8014XX,Zwolle,Zwolle,Overijssel,VBO,6.110506,52.481668
Vrijheid,29,,,8014XX,Zwolle,Zwolle,Overijssel,VBO,6.110438,52.481641
Vrijheid,31,,,8014XX,Zwolle,Zwolle,Overijssel,VBO,6.110356,52.481590
Vrijheid,33,,,8014XX,Zwolle,Zwolle,Overijssel,VBO,6.110277,52.481636
Vrijheid,35,,,8014XX,Zwolle,Zwolle,Overijssel,VBO,6.110183,52.481709
Vrijheid,37,,,8014XX,Zwolle,Zwolle,Overijssel,VBO,6.110505,52.481654
Vrijheid,39,,,8014XX,Zwolle,Zwolle,Overijssel,VBO,6.110436,52.481626
Vrijheid,41,,,8014XX,Zwolle,Zwolle,Overijssel,VBO,6.110354,52.481577
Vrijheid,43,,,8014XX,Zwolle,Zwolle,Overijssel,VBO,6.110268,52.481623
Vrijheid,45,,,8014XX,Zwolle,Zwolle,Overijssel,VBO,6.110171,52.481696
Vrijheid,47,,,8014XX,Zwolle,Zwolle,Overijssel,VBO,6.110437,52.481610
Vrijheid,49,,,8014XX,Zwolle,Zwolle,Overijssel,VBO,6.110256,52.481611
Vrijheid,51,,,8014XZ,Zwolle,Zwolle,Overijssel,VBO,6.109958,52.482046
Vrijheid,53,,,8014XZ,Zwolle,Zwolle,Overijssel,VBO,6.109844,52.481960
Vrijheid,55,,,8014XZ,Zwolle,Zwolle,Overijssel,VBO,6.109710,52.482087
Vrijheid,57,,,8014XZ,Zwolle,Zwolle,Overijssel,VBO,6.109957,52.482029
Vrijheid,59,,,8014XZ,Zwolle,Zwolle,Overijssel,VBO,6.109905,52.482003
Vrijheid,61,,,8014XZ,Zwolle,Zwolle,Overijssel,VBO,6.109839,52.481949
Vrijheid,63,,,8014XZ,Zwolle,Zwolle,Overijssel,VBO,6.109776,52.481992
Vrijheid,65,,,8014XZ,Zwolle,Zwolle,Overijssel,VBO,6.109708,52.482076
Vrijheid,67,,,8014XZ,Zwolle,Zwolle,Overijssel,VBO,6.109957,52.482014
Vrijheid,69,,,8014XZ,Zwolle,Zwolle,Overijssel,VBO,6.109900,52.481987
Vrijheid,71,,,8014XZ,Zwolle,Zwolle,Overijssel,VBO,6.109828,52.481933
Vrijheid,73,,,8014XZ,Zwolle,Zwolle,Overijssel,VBO,6.109763,52.481977
Vrijheid,75,,,8014XZ,Zwolle,Zwolle,Overijssel,VBO,6.109703,52.482061
Vrijheid,77,,,8014XZ,Zwolle,Zwolle,Overijssel,VBO,6.109964,52.482002
Vrijheid,79,,,8014XZ,Zwolle,Zwolle,Overijssel,VBO,6.109907,52.481978
Vrijheid,81,,,8014XZ,Zwolle,Zwolle,Overijssel,VBO,6.109826,52.481921
Vrijheid,83,,,8014XZ,Zwolle,Zwolle,Overijssel,VBO,6.109754,52.481966
Vrijheid,85,,,8014XZ,Zwolle,Zwolle,Overijssel,VBO,6.109704,52.482045
Vrijheid,87,,,8014XZ,Zwolle,Zwolle,Overijssel,VBO,6.109967,52.481991
Vrijheid,89,,,8014XZ,Zwolle,Zwolle,Overijssel,VBO,6.109905,52.481964
Vrijheid,91,,,8014XZ,Zwolle,Zwolle,Overijssel,VBO,6.109816,52.481909
Vrijheid,93,,,8014XZ,Zwolle,Zwolle,Overijssel,VBO,6.109744,52.481952
Vrijheid,95,,,8014XZ,Zwolle,Zwolle,Overijssel,VBO,6.109699,52.482034
Vrijheid,97,,,8014XZ,Zwolle,Zwolle,Overijssel,VBO,6.109903,52.481948
Vrijheid,99,,,8014XZ,Zwolle,Zwolle,Overijssel,VBO,6.109726,52.481943
Troelstralaan,1,,,8014ZA,Zwolle,Zwolle,Overijssel,VBO,6.112485,52.486298
Troelstralaan,3,,,8014ZA,Zwolle,Zwolle,Overijssel,VBO,6.112411,52.486268
Troelstralaan,5,,,8014ZA,Zwolle,Zwolle,Overijssel,VBO,6.112334,52.486233
Troelstralaan,7,,,8014ZA,Zwolle,Zwolle,Overijssel,VBO,6.112264,52.486203
Troelstralaan,9,,,8014ZA,Zwolle,Zwolle,Overijssel,VBO,6.111039,52.485855
Troelstralaan,11,,,8014ZA,Zwolle,Zwolle,Overijssel,VBO,6.110962,52.485820
Troelstralaan,13,,,8014ZA,Zwolle,Zwolle,Overijssel,VBO,6.110883,52.485787
Troelstralaan,15,,,8014ZA,Zwolle,Zwolle,Overijssel,VBO,6.110805,52.485753
Troelstralaan,25,,,8014ZA,Zwolle,Zwolle,Overijssel,VBO,6.110439,52.485676
Troelstralaan,2,,,8014ZB,Zwolle,Zwolle,Overijssel,VBO,6.111995,52.486379
Troelstralaan,4,,,8014ZB,Zwolle,Zwolle,Overijssel,VBO,6.111918,52.486346
Troelstralaan,6,,,8014ZB,Zwolle,Zwolle,Overijssel,VBO,6.111774,52.486295
Troelstralaan,8,,,8014ZB,Zwolle,Zwolle,Overijssel,VBO,6.111697,52.486261
Troelstralaan,10,,,8014ZB,Zwolle,Zwolle,Overijssel,VBO,6.111575,52.486189
Troelstralaan,12,,,8014ZB,Zwolle,Zwolle,Overijssel,VBO,6.111496,52.486156
Troelstralaan,14,,,8014ZB,Zwolle,Zwolle,Overijssel,VBO,6.110912,52.486218
Troelstralaan,16,,,8014ZB,Zwolle,Zwolle,Overijssel,VBO,6.110739,52.486156
Troelstralaan,18,,,8014ZB,Zwolle,Zwolle,Overijssel,VBO,6.110391,52.486228
Troelstralaan,20,,,8014ZB,Zwolle,Zwolle,Overijssel,VBO,6.110290,52.486323
Troelstralaan,22,,,8014ZB,Zwolle,Zwolle,Overijssel,VBO,6.110244,52.486371
Troelstralaan,24,,,8014ZB,Zwolle,Zwolle,Overijssel,VBO,6.110075,52.486451
Troelstralaan,26,,,8014ZB,Zwolle,Zwolle,Overijssel,VBO,6.109938,52.486398
Troelstralaan,28,,,8014ZB,Zwolle,Zwolle,Overijssel,VBO,6.109767,52.486331
Dr. Kuyperlaan,1,,,8014ZC,Zwolle,Zwolle,Overijssel,VBO,6.109850,52.487425
Dr. Kuyperlaan,3,,,8014ZC,Zwolle,Zwolle,Overijssel,VBO,6.109769,52.487392
Dr. Kuyperlaan,5,,,8014ZC,Zwolle,Zwolle,Overijssel,VBO,6.109619,52.487326
Dr. Kuyperlaan,7,,,8014ZC,Zwolle,Zwolle,Overijssel,VBO,6.109538,52.487291
Dr. Kuyperlaan,9,,,8014ZC,Zwolle,Zwolle,Overijssel,VBO,6.109391,52.487227
Dr. Kuyperlaan,11,,,8014ZC,Zwolle,Zwolle,Overijssel,VBO,6.109315,52.487191
Dr. Kuyperlaan,13,,,8014ZC,Zwolle,Zwolle,Overijssel,VBO,6.109168,52.487126
Dr. Kuyperlaan,15,,,8014ZC,Zwolle,Zwolle,Overijssel,VBO,6.109086,52.487090
Dr. Kuyperlaan,17,,,8014ZC,Zwolle,Zwolle,Overijssel,VBO,6.108934,52.487025
Dr. Kuyperlaan,19,,,8014ZC,Zwolle,Zwolle,Overijssel,VBO,6.108858,52.486990
Dr. Kuyperlaan,21,,,8014ZC,Zwolle,Zwolle,Overijssel,VBO,6.108509,52.486859
Dr. Kuyperlaan,23,,,8014ZC,Zwolle,Zwolle,Overijssel,VBO,6.108431,52.486832
Dr. Kuyperlaan,25,,,8014ZC,Zwolle,Zwolle,Overijssel,VBO,6.108358,52.486801
Dr. Kuyperlaan,27,,,8014ZC,Zwolle,Zwolle,Overijssel,VBO,6.108280,52.486769
Dr. Kuyperlaan,29,,,8014ZC,Zwolle,Zwolle,Overijssel,VBO,6.108200,52.486743
Dr. Kuyperlaan,31,,,8014ZD,Zwolle,Zwolle,Overijssel,VBO,6.107998,52.486684
Dr. Kuyperlaan,33,,,8014ZD,Zwolle,Zwolle,Overijssel,VBO,6.107926,52.486650
Dr. Kuyperlaan,35,,,8014ZD,Zwolle,Zwolle,Overijssel,VBO,6.107853,52.486615
Dr. Kuyperlaan,37,,,8014ZD,Zwolle,Zwolle,Overijssel,VBO,6.107783,52.486582
Dr. Kuyperlaan,39,,,8014ZD,Zwolle,Zwolle,Overijssel,VBO,6.107711,52.486546
Dr. Kuyperlaan,41,,,8014ZD,Zwolle,Zwolle,Overijssel,VBO,6.107635,52.486513
Dr. Kuyperlaan,43,,,8014ZD,Zwolle,Zwolle,Overijssel,VBO,6.107480,52.486440
Dr. Kuyperlaan,45,,,8014ZD,Zwolle,Zwolle,Overijssel,VBO,6.107401,52.486413
Dr. Kuyperlaan,47,,,8014ZD,Zwolle,Zwolle,Overijssel,VBO,6.107319,52.486384
Dr. Kuyperlaan,49,,,8014ZD,Zwolle,Zwolle,Overijssel,VBO,6.107243,52.486358
Dr. Kuyperlaan,51,,,8014ZD,Zwolle,Zwolle,Overijssel,VBO,6.107164,52.486329
Dr. Kuyperlaan,53,,,8014ZD,Zwolle,Zwolle,Overijssel,VBO,6.107085,52.486301
Dr. Kuyperlaan,55,,,8014ZD,Zwolle,Zwolle,Overijssel,VBO,6.106723,52.486191
Dr. Kuyperlaan,57,,,8014ZD,Zwolle,Zwolle,Overijssel,VBO,6.106640,52.486167
Dr. Kuyperlaan,59,,,8014ZD,Zwolle,Zwolle,Overijssel,VBO,6.106560,52.486145
Dr. Kuyperlaan,61,,,8014ZD,Zwolle,Zwolle,Overijssel,VBO,6.106477,52.486122
Dr. Kuyperlaan,2,,,8014ZE,Zwolle,Zwolle,Overijssel,VBO,6.109665,52.487645
Dr. Kuyperlaan,4,,,8014ZE,Zwolle,Zwolle,Overijssel,VBO,6.109588,52.487618
Dr. Kuyperlaan,6,,,8014ZE,Zwolle,Zwolle,Overijssel,VBO,6.109510,52.487586
Dr. Kuyperlaan,8,,,8014ZE,Zwolle,Zwolle,Overijssel,VBO,6.109435,52.487560
Dr. Kuyperlaan,10,,,8014ZE,Zwolle,Zwolle,Overijssel,VBO,6.109288,52.487502
Dr. Kuyperlaan,12,,,8014ZE,Zwolle,Zwolle,Overijssel,VBO,6.109212,52.487473
Dr. Kuyperlaan,14,,,8014ZE,Zwolle,Zwolle,Overijssel,VBO,6.109137,52.487444
Dr. Kuyperlaan,16,,,8014ZE,Zwolle,Zwolle,Overijssel,VBO,6.109061,52.487413
Dr. Kuyperlaan,18,,,8014ZE,Zwolle,Zwolle,Overijssel,VBO,6.108985,52.487384
Dr. Kuyperlaan,20,,,8014ZE,Zwolle,Zwolle,Overijssel,VBO,6.108790,52.487362
Dr. Kuyperlaan,22,,,8014ZE,Zwolle,Zwolle,Overijssel,VBO,6.108710,52.487340
Dr. Kuyperlaan,24,,,8014ZE,Zwolle,Zwolle,Overijssel,VBO,6.108635,52.487320
Dr. Kuyperlaan,26,,,8014ZE,Zwolle,Zwolle,Overijssel,VBO,6.108522,52.487295
Dr. Kuyperlaan,28,,,8014ZE,Zwolle,Zwolle,Overijssel,VBO,6.108184,52.487166
Dr. Kuyperlaan,30,,,8014ZE,Zwolle,Zwolle,Overijssel,VBO,6.108114,52.487132
Dr. Kuyperlaan,32,,,8014ZE,Zwolle,Zwolle,Overijssel,VBO,6.108046,52.487097
Dr. Kuyperlaan,34,,,8014ZE,Zwolle,Zwolle,Overijssel,VBO,6.107973,52.487060
Dr. Kuyperlaan,36,,,8014ZE,Zwolle,Zwolle,Overijssel,VBO,6.107762,52.486875
Dr. Kuyperlaan,38,,,8014ZE,Zwolle,Zwolle,Overijssel,VBO,6.107687,52.486851
Dr. Kuyperlaan,40,,,8014ZG,Zwolle,Zwolle,Overijssel,VBO,6.107616,52.486822
Dr. Kuyperlaan,42,,,8014ZG,Zwolle,Zwolle,Overijssel,VBO,6.107536,52.486792
Dr. Kuyperlaan,44,,,8014ZG,Zwolle,Zwolle,Overijssel,VBO,6.107383,52.486733
Dr. Kuyperlaan,46,,,8014ZG,Zwolle,Zwolle,Overijssel,VBO,6.107307,52.486702
Dr. Kuyperlaan,48,,,8014ZG,Zwolle,Zwolle,Overijssel,VBO,6.107228,52.486673
Dr. Kuyperlaan,50,,,8014ZG,Zwolle,Zwolle,Overijssel,VBO,6.107153,52.486647
Dr. Kuyperlaan,52,,,8014ZG,Zwolle,Zwolle,Overijssel,VBO,6.106856,52.486541
Dr. Kuyperlaan,54,,,8014ZG,Zwolle,Zwolle,Overijssel,VBO,6.106790,52.486510
Dr. Kuyperlaan,56,,,8014ZG,Zwolle,Zwolle,Overijssel,VBO,6.106717,52.486479
Dr. Kuyperlaan,58,,,8014ZG,Zwolle,Zwolle,Overijssel,VBO,6.106645,52.486449
Dr. Kuyperlaan,60,,,8014ZG,Zwolle,Zwolle,Overijssel,VBO,6.106569,52.486416
Dr. Kuyperlaan,62,,,8014ZG,Zwolle,Zwolle,Overijssel,VBO,6.106500,52.486384
Dr. Kuyperlaan,64,,,8014ZG,Zwolle,Zwolle,Overijssel,VBO,6.106427,52.486353
Dr. Kuyperlaan,66,,,8014ZG,Zwolle,Zwolle,Overijssel,VBO,6.106358,52.486326
Dr. Kuyperlaan,68,,,8014ZG,Zwolle,Zwolle,Overijssel,VBO,6.106282,52.486292
Dr. Schaepmanlaan,1,,,8014ZH,Zwolle,Zwolle,Overijssel,VBO,6.110142,52.486846
Dr. Schaepmanlaan,3,,,8014ZH,Zwolle,Zwolle,Overijssel,VBO,6.110063,52.486814
Dr. Schaepmanlaan,5,,,8014ZH,Zwolle,Zwolle,Overijssel,VBO,6.109934,52.486742
Dr. Schaepmanlaan,7,,,8014ZH,Zwolle,Zwolle,Overijssel,VBO,6.109861,52.486714
Dr. Schaepmanlaan,9,,,8014ZH,Zwolle,Zwolle,Overijssel,VBO,6.109784,52.486683
Dr. Schaepmanlaan,11,,,8014ZH,Zwolle,Zwolle,Overijssel,VBO,6.109718,52.486656
Dr. Schaepmanlaan,13,,,8014ZH,Zwolle,Zwolle,Overijssel,VBO,6.109636,52.486623
Dr. Schaepmanlaan,15,,,8014ZH,Zwolle,Zwolle,Overijssel,VBO,6.109560,52.486594
Dr. Schaepmanlaan,17,,,8014ZH,Zwolle,Zwolle,Overijssel,VBO,6.109068,52.486309
Dr. Schaepmanlaan,19,,,8014ZH,Zwolle,Zwolle,Overijssel,VBO,6.108988,52.486281
Dr. Schaepmanlaan,21,,,8014ZH,Zwolle,Zwolle,Overijssel,VBO,6.108911,52.486254
Dr. Schaepmanlaan,23,,,8014ZH,Zwolle,Zwolle,Overijssel,VBO,6.108833,52.486225
Dr. Schaepmanlaan,25,,,8014ZH,Zwolle,Zwolle,Overijssel,VBO,6.108672,52.486169
Dr. Schaepmanlaan,27,,,8014ZH,Zwolle,Zwolle,Overijssel,VBO,6.108600,52.486143
Dr. Schaepmanlaan,29,,,8014ZH,Zwolle,Zwolle,Overijssel,VBO,6.108518,52.486115
Dr. Schaepmanlaan,31,,,8014ZJ,Zwolle,Zwolle,Overijssel,VBO,6.108439,52.486083
Dr. Schaepmanlaan,33,,,8014ZJ,Zwolle,Zwolle,Overijssel,VBO,6.108308,52.485989
Dr. Schaepmanlaan,35,,,8014ZJ,Zwolle,Zwolle,Overijssel,VBO,6.108235,52.485955
Dr. Schaepmanlaan,37,,,8014ZJ,Zwolle,Zwolle,Overijssel,VBO,6.108158,52.485924
Dr. Schaepmanlaan,39,,,8014ZJ,Zwolle,Zwolle,Overijssel,VBO,6.108091,52.485894
Dr. Schaepmanlaan,41,,,8014ZJ,Zwolle,Zwolle,Overijssel,VBO,6.108021,52.485864
Dr. Schaepmanlaan,43,,,8014ZJ,Zwolle,Zwolle,Overijssel,VBO,6.107868,52.485798
Dr. Schaepmanlaan,45,,,8014ZJ,Zwolle,Zwolle,Overijssel,VBO,6.107795,52.485766
Dr. Schaepmanlaan,47,,,8014ZJ,Zwolle,Zwolle,Overijssel,VBO,6.107722,52.485734
Dr. Schaepmanlaan,49,,,8014ZJ,Zwolle,Zwolle,Overijssel,VBO,6.107648,52.485703
Dr. Schaepmanlaan,51,,,8014ZJ,Zwolle,Zwolle,Overijssel,VBO,6.107578,52.485671
Dr. Schaepmanlaan,53,,,8014ZJ,Zwolle,Zwolle,Overijssel,VBO,6.107218,52.485504
Dr. Schaepmanlaan,55,,,8014ZJ,Zwolle,Zwolle,Overijssel,VBO,6.107143,52.485467
Dr. Schaepmanlaan,57,,,8014ZJ,Zwolle,Zwolle,Overijssel,VBO,6.107057,52.485431
Dr. Schaepmanlaan,59,R,1,8014ZJ,Zwolle,Zwolle,Overijssel,VBO,6.106719,52.485079
Dr. Schaepmanlaan,59,,,8014ZJ,Zwolle,Zwolle,Overijssel,VBO,6.106977,52.485390
Dr. Schaepmanlaan,61,G,1,8014ZJ,Zwolle,Zwolle,Overijssel,VBO,6.106874,52.485195
Dr. Schaepmanlaan,61,G,2,8014ZJ,Zwolle,Zwolle,Overijssel,VBO,6.106895,52.485169
Dr. Schaepmanlaan,61,G,3,8014ZJ,Zwolle,Zwolle,Overijssel,VBO,6.106916,52.485138
Dr. Schaepmanlaan,2,,,8014ZK,Zwolle,Zwolle,Overijssel,VBO,6.110111,52.487107
Dr. Schaepmanlaan,4,,,8014ZK,Zwolle,Zwolle,Overijssel,VBO,6.110030,52.487074
Dr. Schaepmanlaan,6,,,8014ZK,Zwolle,Zwolle,Overijssel,VBO,6.109912,52.487000
Dr. Schaepmanlaan,8,,,8014ZK,Zwolle,Zwolle,Overijssel,VBO,6.109834,52.486969
Dr. Schaepmanlaan,10,,,8014ZK,Zwolle,Zwolle,Overijssel,VBO,6.109750,52.486940
Dr. Schaepmanlaan,12,,,8014ZK,Zwolle,Zwolle,Overijssel,VBO,6.109673,52.486908
Dr. Schaepmanlaan,14,,,8014ZK,Zwolle,Zwolle,Overijssel,VBO,6.109437,52.486846
Dr. Schaepmanlaan,16,,,8014ZK,Zwolle,Zwolle,Overijssel,VBO,6.109353,52.486813
Dr. Schaepmanlaan,18,,,8014ZK,Zwolle,Zwolle,Overijssel,VBO,6.109199,52.486752
Dr. Schaepmanlaan,20,,,8014ZK,Zwolle,Zwolle,Overijssel,VBO,6.109115,52.486721
Dr. Schaepmanlaan,22,,,8014ZK,Zwolle,Zwolle,Overijssel,VBO,6.108754,52.486607
Dr. Schaepmanlaan,24,,,8014ZK,Zwolle,Zwolle,Overijssel,VBO,6.108682,52.486575
Dr. Schaepmanlaan,26,,,8014ZK,Zwolle,Zwolle,Overijssel,VBO,6.108612,52.486550
Dr. Schaepmanlaan,28,,,8014ZK,Zwolle,Zwolle,Overijssel,VBO,6.108523,52.486513
Dr. Schaepmanlaan,30,,,8014ZK,Zwolle,Zwolle,Overijssel,VBO,6.108447,52.486480
Dr. Schaepmanlaan,32,,,8014ZK,Zwolle,Zwolle,Overijssel,VBO,6.108315,52.486419
Dr. Schaepmanlaan,34,,,8014ZK,Zwolle,Zwolle,Overijssel,VBO,6.108239,52.486386
Dr. Schaepmanlaan,36,,,8014ZK,Zwolle,Zwolle,Overijssel,VBO,6.108166,52.486354
Dr. Schaepmanlaan,38,,,8014ZK,Zwolle,Zwolle,Overijssel,VBO,6.108094,52.486323
Dr. Schaepmanlaan,40,,,8014ZL,Zwolle,Zwolle,Overijssel,VBO,6.108018,52.486292
Dr. Schaepmanlaan,42,,,8014ZL,Zwolle,Zwolle,Overijssel,VBO,6.107942,52.486260
Dr. Schaepmanlaan,44,,,8014ZL,Zwolle,Zwolle,Overijssel,VBO,6.107772,52.486182
Dr. Schaepmanlaan,46,,,8014ZL,Zwolle,Zwolle,Overijssel,VBO,6.107699,52.486151
Dr. Schaepmanlaan,48,,,8014ZL,Zwolle,Zwolle,Overijssel,VBO,6.107629,52.486119
Dr. Schaepmanlaan,50,,,8014ZL,Zwolle,Zwolle,Overijssel,VBO,6.107562,52.486091
Dr. Schaepmanlaan,52,,,8014ZL,Zwolle,Zwolle,Overijssel,VBO,6.107489,52.486061
Dr. Schaepmanlaan,54,,,8014ZL,Zwolle,Zwolle,Overijssel,VBO,6.107422,52.486031
Dr. Schaepmanlaan,56,,,8014ZL,Zwolle,Zwolle,Overijssel,VBO,6.107349,52.486003
Dr. Schaepmanlaan,58,,,8014ZL,Zwolle,Zwolle,Overijssel,VBO,6.106993,52.485892
Dr. Schaepmanlaan,60,,,8014ZL,Zwolle,Zwolle,Overijssel,VBO,6.106926,52.485864
Dr. Schaepmanlaan,62,,,8014ZL,Zwolle,Zwolle,Overijssel,VBO,6.106853,52.485837
Dr. Schaepmanlaan,64,,,8014ZL,Zwolle,Zwolle,Overijssel,VBO,6.106787,52.485809
Dr. Schaepmanlaan,66,,,8014ZL,Zwolle,Zwolle,Overijssel,VBO,6.106713,52.485777
Dr. Schaepmanlaan,68,,,8014ZL,Zwolle,Zwolle,Overijssel,VBO,6.106527,52.485432
Van Houtenlaan,1,A,,8014ZM,Zwolle,Zwolle,Overijssel,VBO,6.109545,52.485564
Van Houtenlaan,1,,,8014ZM,Zwolle,Zwolle,Overijssel,VBO,6.107854,52.485025
Van Houtenlaan,3,,,8014ZM,Zwolle,Zwolle,Overijssel,VBO,6.107830,52.484966
Van Houtenlaan,5,,,8014ZM,Zwolle,Zwolle,Overijssel,VBO,6.107803,52.484906
Van Houtenlaan,7,,,8014ZM,Zwolle,Zwolle,Overijssel,VBO,6.107779,52.484846
Van Houtenlaan,9,,,8014ZM,Zwolle,Zwolle,Overijssel,VBO,6.107752,52.484787
Van Houtenlaan,11,,,8014ZM,Zwolle,Zwolle,Overijssel,VBO,6.107400,52.484574
Van Houtenlaan,2,,,8014ZN,Zwolle,Zwolle,Overijssel,VBO,6.109302,52.486074
Van Houtenlaan,4,,,8014ZN,Zwolle,Zwolle,Overijssel,VBO,6.109232,52.486045
Van Houtenlaan,6,,,8014ZN,Zwolle,Zwolle,Overijssel,VBO,6.109159,52.486015
Van Houtenlaan,8,,,8014ZN,Zwolle,Zwolle,Overijssel,VBO,6.109083,52.485985
Van Houtenlaan,10,,,8014ZN,Zwolle,Zwolle,Overijssel,VBO,6.108932,52.485920
Van Houtenlaan,12,,,8014ZN,Zwolle,Zwolle,Overijssel,VBO,6.108862,52.485892
Van Houtenlaan,14,,,8014ZN,Zwolle,Zwolle,Overijssel,VBO,6.108788,52.485861
Van Houtenlaan,16,,,8014ZN,Zwolle,Zwolle,Overijssel,VBO,6.108714,52.485830
Van Houtenlaan,18,,,8014ZN,Zwolle,Zwolle,Overijssel,VBO,6.108620,52.485709
Van Houtenlaan,20,,,8014ZN,Zwolle,Zwolle,Overijssel,VBO,6.108548,52.485669
Van Houtenlaan,22,,,8014ZN,Zwolle,Zwolle,Overijssel,VBO,6.108485,52.485633
Van Houtenlaan,24,,,8014ZN,Zwolle,Zwolle,Overijssel,VBO,6.108420,52.485597
Van Houtenlaan,26,,,8014ZP,Zwolle,Zwolle,Overijssel,VBO,6.108353,52.485561
Van Houtenlaan,28,,,8014ZP,Zwolle,Zwolle,Overijssel,VBO,6.108224,52.485478
Van Houtenlaan,30,,,8014ZP,Zwolle,Zwolle,Overijssel,VBO,6.108157,52.485443
Van Houtenlaan,32,,,8014ZP,Zwolle,Zwolle,Overijssel,VBO,6.108093,52.485406
Van Houtenlaan,34,,,8014ZP,Zwolle,Zwolle,Overijssel,VBO,6.108026,52.485369
Van Houtenlaan,36,,,8014ZP,Zwolle,Zwolle,Overijssel,VBO,6.107959,52.485329
Van Houtenlaan,38,,,8014ZP,Zwolle,Zwolle,Overijssel,VBO,6.107484,52.485180
Van Houtenlaan,40,,,8014ZP,Zwolle,Zwolle,Overijssel,VBO,6.107419,52.485140
Van Houtenlaan,42,,,8014ZP,Zwolle,Zwolle,Overijssel,VBO,6.107351,52.485091
Van Houtenlaan,44,,,8014ZP,Zwolle,Zwolle,Overijssel,VBO,6.107273,52.485045
Mr P J Oudlaan,1,,,8014ZR,Zwolle,Zwolle,Overijssel,VBO,6.111606,52.485910
Mr P J Oudlaan,3,,,8014ZR,Zwolle,Zwolle,Overijssel,VBO,6.111664,52.485859
Mr P J Oudlaan,5,,,8014ZR,Zwolle,Zwolle,Overijssel,VBO,6.111723,52.485809
Mr P J Oudlaan,7,,,8014ZR,Zwolle,Zwolle,Overijssel,VBO,6.111776,52.485758
Mr P J Oudlaan,9,,,8014ZR,Zwolle,Zwolle,Overijssel,VBO,6.112246,52.485959
Mr P J Oudlaan,11,,,8014ZR,Zwolle,Zwolle,Overijssel,VBO,6.112193,52.486006
Mr P J Oudlaan,13,,,8014ZR,Zwolle,Zwolle,Overijssel,VBO,6.112132,52.486058
Mr P J Oudlaan,15,,,8014ZR,Zwolle,Zwolle,Overijssel,VBO,6.112077,52.486103
Mr P J Oudlaan,17,,,8014ZR,Zwolle,Zwolle,Overijssel,VBO,6.112528,52.486026
Mr P J Oudlaan,19,,,8014ZR,Zwolle,Zwolle,Overijssel,VBO,6.112590,52.485976
Mr P J Oudlaan,21,,,8014ZR,Zwolle,Zwolle,Overijssel,VBO,6.112746,52.485895
Mr P J Oudlaan,23,,,8014ZR,Zwolle,Zwolle,Overijssel,VBO,6.112801,52.485847
Mr P J Oudlaan,25,,,8014ZR,Zwolle,Zwolle,Overijssel,VBO,6.112873,52.485731
Mr P J Oudlaan,27,,,8014ZR,Zwolle,Zwolle,Overijssel,VBO,6.112931,52.485683
Mr P J Oudlaan,29,,,8014ZR,Zwolle,Zwolle,Overijssel,VBO,6.113087,52.485602
Mr P J Oudlaan,31,,,8014ZR,Zwolle,Zwolle,Overijssel,VBO,6.113142,52.485555
Mr P J Oudlaan,33,,,8014ZR,Zwolle,Zwolle,Overijssel,VBO,6.113095,52.485313
Mr P J Oudlaan,35,,,8014ZR,Zwolle,Zwolle,Overijssel,VBO,6.112846,52.485208
Mr P J Oudlaan,37,,,8014ZR,Zwolle,Zwolle,Overijssel,VBO,6.112683,52.485068
Mr P J Oudlaan,39,,,8014ZR,Zwolle,Zwolle,Overijssel,VBO,6.112482,52.484945
Mr P J Oudlaan,41,,,8014ZR,Zwolle,Zwolle,Overijssel,VBO,6.112258,52.484798
Mr P J Oudlaan,43,,,8014ZR,Zwolle,Zwolle,Overijssel,VBO,6.112082,52.484717
Mr P J Oudlaan,45,,,8014ZR,Zwolle,Zwolle,Overijssel,VBO,6.111801,52.484648
Mr P J Oudlaan,47,,,8014ZR,Zwolle,Zwolle,Overijssel,VBO,6.111555,52.484546
Mr P J Oudlaan,49,,,8014ZR,Zwolle,Zwolle,Overijssel,VBO,6.111248,52.484685
Mr P J Oudlaan,51,,,8014ZS,Zwolle,Zwolle,Overijssel,VBO,6.111191,52.484736
Mr P J Oudlaan,53,,,8014ZS,Zwolle,Zwolle,Overijssel,VBO,6.111081,52.484832
Mr P J Oudlaan,55,,,8014ZS,Zwolle,Zwolle,Overijssel,VBO,6.111024,52.484882
Mr P J Oudlaan,57,,,8014ZS,Zwolle,Zwolle,Overijssel,VBO,6.110963,52.484999
Mr P J Oudlaan,59,,,8014ZS,Zwolle,Zwolle,Overijssel,VBO,6.110906,52.485050
Mr P J Oudlaan,61,,,8014ZS,Zwolle,Zwolle,Overijssel,VBO,6.110791,52.485147
Mr P J Oudlaan,63,G,1,8014ZS,Zwolle,Zwolle,Overijssel,VBO,6.110603,52.485274
Mr P J Oudlaan,63,G,2,8014ZS,Zwolle,Zwolle,Overijssel,VBO,6.110589,52.485292
Mr P J Oudlaan,63,G,3,8014ZS,Zwolle,Zwolle,Overijssel,VBO,6.110560,52.485310
Mr P J Oudlaan,63,G,4,8014ZS,Zwolle,Zwolle,Overijssel,VBO,6.110541,52.485335
Mr P J Oudlaan,63,G,5,8014ZS,Zwolle,Zwolle,Overijssel,VBO,6.110516,52.485356
Mr P J Oudlaan,63,G,6,8014ZS,Zwolle,Zwolle,Overijssel,VBO,6.110487,52.485374
Mr P J Oudlaan,63,,,8014ZS,Zwolle,Zwolle,Overijssel,VBO,6.110731,52.485200
Mr P J Oudlaan,65,T,1,8014ZS,Zwolle,Zwolle,Overijssel,VBO,6.110451,52.485398
Mr P J Oudlaan,67,,,8014ZS,Zwolle,Zwolle,Overijssel,VBO,6.111119,52.485482
Mr P J Oudlaan,69,,,8014ZS,Zwolle,Zwolle,Overijssel,VBO,6.111195,52.485514
Mr P J Oudlaan,71,,,8014ZS,Zwolle,Zwolle,Overijssel,VBO,6.111276,52.485548
Mr P J Oudlaan,73,,,8014ZS,Zwolle,Zwolle,Overijssel,VBO,6.111359,52.485582
Mr P J Oudlaan,2,,,8014ZT,Zwolle,Zwolle,Overijssel,VBO,6.111584,52.485424
Mr P J Oudlaan,4,,,8014ZT,Zwolle,Zwolle,Overijssel,VBO,6.111665,52.485459
Mr P J Oudlaan,6,,,8014ZT,Zwolle,Zwolle,Overijssel,VBO,6.111825,52.485529
Mr P J Oudlaan,8,,,8014ZT,Zwolle,Zwolle,Overijssel,VBO,6.111908,52.485565
Mr P J Oudlaan,10,,,8014ZT,Zwolle,Zwolle,Overijssel,VBO,6.112074,52.485636
Mr P J Oudlaan,12,,,8014ZT,Zwolle,Zwolle,Overijssel,VBO,6.112154,52.485669
Mr P J Oudlaan,14,,,8014ZT,Zwolle,Zwolle,Overijssel,VBO,6.112312,52.485734
Mr P J Oudlaan,16,,,8014ZT,Zwolle,Zwolle,Overijssel,VBO,6.112393,52.485768
Mr P J Oudlaan,18,,,8014ZT,Zwolle,Zwolle,Overijssel,VBO,6.112719,52.485489
Mr P J Oudlaan,20,,,8014ZT,Zwolle,Zwolle,Overijssel,VBO,6.112632,52.485452
Mr P J Oudlaan,22,,,8014ZT,Zwolle,Zwolle,Overijssel,VBO,6.112464,52.485389
Mr P J Oudlaan,24,,,8014ZT,Zwolle,Zwolle,Overijssel,VBO,6.112385,52.485353
Mr P J Oudlaan,26,,,8014ZT,Zwolle,Zwolle,Overijssel,VBO,6.112293,52.485223
Mr P J Oudlaan,28,,,8014ZT,Zwolle,Zwolle,Overijssel,VBO,6.112202,52.485192
Mr P J Oudlaan,30,,,8014ZT,Zwolle,Zwolle,Overijssel,VBO,6.112048,52.485117
Mr P J Oudlaan,32,,,8014ZT,Zwolle,Zwolle,Overijssel,VBO,6.111976,52.485089
Mr P J Oudlaan,34,,,8014ZT,Zwolle,Zwolle,Overijssel,VBO,6.111556,52.484879
Mr P J Oudlaan,36,,,8014ZT,Zwolle,Zwolle,Overijssel,VBO,6.111514,52.484921
Mr P J Oudlaan,38,,,8014ZT,Zwolle,Zwolle,Overijssel,VBO,6.111437,52.485039
Mr P J Oudlaan,40,,,8014ZT,Zwolle,Zwolle,Overijssel,VBO,6.111364,52.485090
Mr P J Oudlaan,42,,,8014ZT,Zwolle,Zwolle,Overijssel,VBO,6.111297,52.485200
Mr P J Oudlaan,44,,,8014ZT,Zwolle,Zwolle,Overijssel,VBO,6.111229,52.485257
Van Tienhovenlaan,2,,,8014ZV,Zwolle,Zwolle,Overijssel,VBO,6.105661,52.486597
Van Tienhovenlaan,4,,,8014ZV,Zwolle,Zwolle,Overijssel,VBO,6.105867,52.486355
Van Tienhovenlaan,6,,,8014ZV,Zwolle,Zwolle,Overijssel,VBO,6.105996,52.486193
Van Tienhovenlaan,8,,,8014ZV,Zwolle,Zwolle,Overijssel,VBO,6.106141,52.486037
Van Tienhovenlaan,10,,,8014ZV,Zwolle,Zwolle,Overijssel,VBO,6.106285,52.485875
Van Tienhovenlaan,12,,,8014ZV,Zwolle,Zwolle,Overijssel,VBO,6.106517,52.485643
Van Tienhovenlaan,14,,,8014ZV,Zwolle,Zwolle,Overijssel,VBO,6.106616,52.485544
Kappeijne van de Coppellolaan,2,,,8014ZW,Zwolle,Zwolle,Overijssel,VBO,6.109857,52.485397
Kappeijne van de Coppellolaan,4,,,8014ZW,Zwolle,Zwolle,Overijssel,VBO,6.109901,52.485347
Kappeijne van de Coppellolaan,6,,,8014ZW,Zwolle,Zwolle,Overijssel,VBO,6.109973,52.485244
Kappeijne van de Coppellolaan,8,,,8014ZW,Zwolle,Zwolle,Overijssel,VBO,6.110006,52.485189
Kappeijne van de Coppellolaan,10,,,8014ZW,Zwolle,Zwolle,Overijssel,VBO,6.110074,52.485085
Kappeijne van de Coppellolaan,12,,,8014ZW,Zwolle,Zwolle,Overijssel,VBO,6.110095,52.485028
Kappeijne van de Coppellolaan,14,,,8014ZW,Zwolle,Zwolle,Overijssel,VBO,6.110156,52.484926
Kappeijne van de Coppellolaan,16,,,8014ZW,Zwolle,Zwolle,Overijssel,VBO,6.110170,52.484870
Cort van der Lindenlaan,1,,,8014ZX,Zwolle,Zwolle,Overijssel,VBO,6.109574,52.484596
Cort van der Lindenlaan,3,,,8014ZX,Zwolle,Zwolle,Overijssel,VBO,6.109507,52.484560
Cort van der Lindenlaan,4,,,8014ZX,Zwolle,Zwolle,Overijssel,VBO,6.109627,52.484782
Cort van der Lindenlaan,5,,,8014ZX,Zwolle,Zwolle,Overijssel,VBO,6.109318,52.484512
Cort van der Lindenlaan,6,,,8014ZX,Zwolle,Zwolle,Overijssel,VBO,6.109602,52.484833
Cort van der Lindenlaan,7,,,8014ZX,Zwolle,Zwolle,Overijssel,VBO,6.109222,52.484495
Cort van der Lindenlaan,8,,,8014ZX,Zwolle,Zwolle,Overijssel,VBO,6.109538,52.484941
Cort van der Lindenlaan,9,,,8014ZX,Zwolle,Zwolle,Overijssel,VBO,6.109141,52.484482
Cort van der Lindenlaan,10,,,8014ZX,Zwolle,Zwolle,Overijssel,VBO,6.109508,52.484990
Cort van der Lindenlaan,11,,,8014ZX,Zwolle,Zwolle,Overijssel,VBO,6.109048,52.484468
Cort van der Lindenlaan,12,,,8014ZX,Zwolle,Zwolle,Overijssel,VBO,6.109456,52.485039
Cort van der Lindenlaan,13,,,8014ZX,Zwolle,Zwolle,Overijssel,VBO,6.108827,52.484400
Cort van der Lindenlaan,14,,,8014ZX,Zwolle,Zwolle,Overijssel,VBO,6.109402,52.485089
Cort van der Lindenlaan,15,,,8014ZX,Zwolle,Zwolle,Overijssel,VBO,6.108756,52.484367
Cort van der Lindenlaan,17,,,8014ZX,Zwolle,Zwolle,Overijssel,VBO,6.108682,52.484339
Cort van der Lindenlaan,19,,,8014ZX,Zwolle,Zwolle,Overijssel,VBO,6.108601,52.484306
Cort van der Lindenlaan,21,,,8014ZX,Zwolle,Zwolle,Overijssel,VBO,6.108681,52.484552
Cort van der Lindenlaan,23,,,8014ZX,Zwolle,Zwolle,Overijssel,VBO,6.108623,52.484598
Cort van der Lindenlaan,25,,,8014ZX,Zwolle,Zwolle,Overijssel,VBO,6.108571,52.484639
Cort van der Lindenlaan,27,,,8014ZX,Zwolle,Zwolle,Overijssel,VBO,6.108520,52.484690
Van der Heydenstraat,2,,,8014ZZ,Zwolle,Zwolle,Overijssel,VBO,6.110013,52.484153
Van der Heydenstraat,4,A,,8014ZZ,Zwolle,Zwolle,Overijssel,VBO,6.108995,52.483846
Van der Heydenstraat,4,B,,8014ZZ,Zwolle,Zwolle,Overijssel,VBO,6.109110,52.483875
Van der Heydenstraat,4,C,,8014ZZ,Zwolle,Zwolle,Overijssel,VBO,6.109222,52.483901
Van der Heydenstraat,4,D,,8014ZZ,Zwolle,Zwolle,Overijssel,VBO,6.109341,52.483932
Van der Heydenstraat,4,E,,8014ZZ,Zwolle,Zwolle,Overijssel,VBO,6.109466,52.483969
Van der Heydenstraat,4,F,,8014ZZ,Zwolle,Zwolle,Overijssel,VBO,6.109576,52.484000
Van der Heydenstraat,4,G,,8014ZZ,Zwolle,Zwolle,Overijssel,VBO,6.108888,52.484034
Van der Heydenstraat,4,H,,8014ZZ,Zwolle,Zwolle,Overijssel,VBO,6.108971,52.483875
Van der Heydenstraat,4,J,,8014ZZ,Zwolle,Zwolle,Overijssel,VBO,6.109089,52.483902
Van der Heydenstraat,4,K,,8014ZZ,Zwolle,Zwolle,Overijssel,VBO,6.109203,52.483929
Van der Heydenstraat,4,L,,8014ZZ,Zwolle,Zwolle,Overijssel,VBO,6.109319,52.483960
Van der Heydenstraat,4,M,,8014ZZ,Zwolle,Zwolle,Overijssel,VBO,6.109446,52.483997
Van der Heydenstraat,4,N,,8014ZZ,Zwolle,Zwolle,Overijssel,VBO,6.109558,52.484027
Van der Heydenstraat,4,P,,8014ZZ,Zwolle,Zwolle,Overijssel,VBO,6.108934,52.484045
Van der Heydenstraat,4,Q,,8014ZZ,Zwolle,Zwolle,Overijssel,VBO,6.108944,52.483904
Van der Heydenstraat,4,R,,8014ZZ,Zwolle,Zwolle,Overijssel,VBO,6.109062,52.483932
Van der Heydenstraat,4,S,,8014ZZ,Zwolle,Zwolle,Overijssel,VBO,6.109174,52.483960
Van der Heydenstraat,4,T,,8014ZZ,Zwolle,Zwolle,Overijssel,VBO,6.109287,52.483993
Van der Heydenstraat,4,U,,8014ZZ,Zwolle,Zwolle,Overijssel,VBO,6.109418,52.484025
Van der Heydenstraat,4,V,,8014ZZ,Zwolle,Zwolle,Overijssel,VBO,6.109534,52.484057
Van der Heydenstraat,4,W,,8014ZZ,Zwolle,Zwolle,Overijssel,VBO,6.108891,52.483927
Van der Heydenstraat,4,X,,8014ZZ,Zwolle,Zwolle,Overijssel,VBO,6.108930,52.483939
Van der Heydenstraat,4,,,8014ZZ,Zwolle,Zwolle,Overijssel,VBO,6.108837,52.484016
Van der Heydenstraat,6,,1,8014ZZ,Zwolle,Zwolle,Overijssel,VBO,6.108509,52.483673
Van der Heydenstraat,6,,2,8014ZZ,Zwolle,Zwolle,Overijssel,VBO,6.108573,52.483719
Van der Heydenstraat,6,,3,8014ZZ,Zwolle,Zwolle,Overijssel,VBO,6.108487,52.483706
Van der Heydenstraat,6,,4,8014ZZ,Zwolle,Zwolle,Overijssel,VBO,6.108469,52.483733
Van der Heydenstraat,6,,,8014ZZ,Zwolle,Zwolle,Overijssel,VBO,6.108593,52.483690
Van der Heydenstraat,8,,,8014ZZ,Zwolle,Zwolle,Overijssel,VBO,6.108196,52.483622
Van der Heydenstraat,10,,,8014ZZ,Zwolle,Zwolle,Overijssel,VBO,6.107899,52.483559
Van der Heydenstraat,12,G,1,8014ZZ,Zwolle,Zwolle,Overijssel,VBO,6.107026,52.483642
Van der Heydenstraat,12,G,10,8014ZZ,Zwolle,Zwolle,Overijssel,VBO,6.107404,52.483725
Van der Heydenstraat,12,G,11,8014ZZ,Zwolle,Zwolle,Overijssel,VBO,6.107440,52.483734
Van der Heydenstraat,12,G,12,8014ZZ,Zwolle,Zwolle,Overijssel,VBO,6.107485,52.483742
Van der Heydenstraat,12,G,13,8014ZZ,Zwolle,Zwolle,Overijssel,VBO,6.107527,52.483752
Van der Heydenstraat,12,G,2,8014ZZ,Zwolle,Zwolle,Overijssel,VBO,6.107070,52.483649
Van der Heydenstraat,12,G,3,8014ZZ,Zwolle,Zwolle,Overijssel,VBO,6.107111,52.483658
Van der Heydenstraat,12,G,4,8014ZZ,Zwolle,Zwolle,Overijssel,VBO,6.107153,52.483667
Van der Heydenstraat,12,G,5,8014ZZ,Zwolle,Zwolle,Overijssel,VBO,6.107196,52.483676
Van der Heydenstraat,12,G,6,8014ZZ,Zwolle,Zwolle,Overijssel,VBO,6.107236,52.483685
Van der Heydenstraat,12,G,7,8014ZZ,Zwolle,Zwolle,Overijssel,VBO,6.107277,52.483695
Van der Heydenstraat,12,G,8,8014ZZ,Zwolle,Zwolle,Overijssel,VBO,6.107317,52.483704
Van der Heydenstraat,12,G,9,8014ZZ,Zwolle,Zwolle,Overijssel,VBO,6.107362,52.483716
Van der Heydenstraat,12,,,8014ZZ,Zwolle,Zwolle,Overijssel,VBO,6.107503,52.483433
