openbareruimtenaam,huisnummer,huisletter,huisnummertoevoeging,postcode,woonplaatsnaam,gemeentenaam,provincienaam,typeadresseerbaarobject,longitude,latitude
Acacialaan,1,,,9674AA,Winschoten,Oldambt,Groningen,VBO,7.022709,53.147170
Acacialaan,3,,,9674AA,Winschoten,Oldambt,Groningen,VBO,7.022635,53.147198
Acacialaan,5,,,9674AA,Winschoten,Oldambt,Groningen,VBO,7.022472,53.147246
Acacialaan,7,,,9674AA,Winschoten,Oldambt,Groningen,VBO,7.022399,53.147274
Acacialaan,9,,,9674AA,Winschoten,Oldambt,Groningen,VBO,7.022325,53.147302
Acacialaan,11,,,9674AA,Winschoten,Oldambt,Groningen,VBO,7.022192,53.147348
Acacialaan,13,,,9674AA,Winschoten,Oldambt,Groningen,VBO,7.022059,53.147386
Acacialaan,15,,,9674AA,Winschoten,Oldambt,Groningen,VBO,7.021912,53.147442
Acacialaan,17,,,9674AA,Winschoten,Oldambt,Groningen,VBO,7.021750,53.147507
Acacialaan,19,,,9674AA,Winschoten,Oldambt,Groningen,VBO,7.021646,53.147544
Acacialaan,21,,,9674AA,Winschoten,Oldambt,Groningen,VBO,7.021557,53.147564
Acacialaan,23,,,9674AA,Winschoten,Oldambt,Groningen,VBO,7.021425,53.147610
Acacialaan,25,,,9674AA,Winschoten,Oldambt,Groningen,VBO,7.021247,53.147667
Acacialaan,27,,,9674AA,Winschoten,Oldambt,Groningen,VBO,7.021099,53.147705
Acacialaan,29,,,9674AA,Winschoten,Oldambt,Groningen,VBO,7.021026,53.147733
Acacialaan,31,,,9674AA,Winschoten,Oldambt,Groningen,VBO,7.020878,53.147789
Acacialaan,33,,,9674AB,Winschoten,Oldambt,Groningen,VBO,7.020790,53.147817
Acacialaan,35,,,9674AB,Winschoten,Oldambt,Groningen,VBO,7.020716,53.147845
Acacialaan,37,,,9674AB,Winschoten,Oldambt,Groningen,VBO,7.020568,53.147892
Acacialaan,39,,,9674AB,Winschoten,Oldambt,Groningen,VBO,7.020480,53.147929
Acacialaan,41,,,9674AB,Winschoten,Oldambt,Groningen,VBO,7.020347,53.147976
Acacialaan,43,,,9674AB,Winschoten,Oldambt,Groningen,VBO,7.020155,53.148023
Acacialaan,45,,,9674AB,Winschoten,Oldambt,Groningen,VBO,7.020081,53.148051
Acacialaan,47,,,9674AB,Winschoten,Oldambt,Groningen,VBO,7.019918,53.148098
Acacialaan,49,,,9674AB,Winschoten,Oldambt,Groningen,VBO,7.019845,53.148126
Acacialaan,51,,,9674AB,Winschoten,Oldambt,Groningen,VBO,7.019697,53.148173
Acacialaan,53,,,9674AB,Winschoten,Oldambt,Groningen,VBO,7.019593,53.148202
Acacialaan,55,,,9674AB,Winschoten,Oldambt,Groningen,VBO,7.019520,53.148230
Acacialaan,57,,,9674AB,Winschoten,Oldambt,Groningen,VBO,7.019402,53.148294
Acacialaan,59,A,,9674AB,Winschoten,Oldambt,Groningen,VBO,7.015756,53.149126
Acacialaan,59,,,9674AB,Winschoten,Oldambt,Groningen,VBO,7.019124,53.148451
Acacialaan,61,,,9674AB,Winschoten,Oldambt,Groningen,VBO,7.013061,53.149000
Acacialaan,2,A,,9674AC,Winschoten,Oldambt,Groningen,VBO,7.022979,53.146807
Acacialaan,2,,,9674AC,Winschoten,Oldambt,Groningen,VBO,7.023006,53.146744
Acacialaan,4,A,,9674AC,Winschoten,Oldambt,Groningen,VBO,7.022697,53.146856
Acacialaan,4,,,9674AC,Winschoten,Oldambt,Groningen,VBO,7.022785,53.146819
Acacialaan,6,,,9674AC,Winschoten,Oldambt,Groningen,VBO,7.022564,53.146894
Acacialaan,8,,,9674AC,Winschoten,Oldambt,Groningen,VBO,7.022416,53.146950
Acacialaan,10,,,9674AC,Winschoten,Oldambt,Groningen,VBO,7.022343,53.146978
Acacialaan,12,,,9674AC,Winschoten,Oldambt,Groningen,VBO,7.022254,53.146997
Acacialaan,14,,,9674AC,Winschoten,Oldambt,Groningen,VBO,7.022150,53.147034
Acacialaan,16,,,9674AC,Winschoten,Oldambt,Groningen,VBO,7.022077,53.147062
Acacialaan,18,,,9674AC,Winschoten,Oldambt,Groningen,VBO,7.021988,53.147099
Acacialaan,20,,,9674AC,Winschoten,Oldambt,Groningen,VBO,7.021885,53.147128
Acacialaan,22,,,9674AC,Winschoten,Oldambt,Groningen,VBO,7.021811,53.147165
Acacialaan,24,,,9674AC,Winschoten,Oldambt,Groningen,VBO,7.021677,53.147176
Acacialaan,26,,,9674AC,Winschoten,Oldambt,Groningen,VBO,7.021530,53.147231
Acacialaan,28,,,9674AC,Winschoten,Oldambt,Groningen,VBO,7.021457,53.147268
Acacialaan,30,,,9674AC,Winschoten,Oldambt,Groningen,VBO,7.021368,53.147306
Acacialaan,32,,,9674AC,Winschoten,Oldambt,Groningen,VBO,7.021310,53.147333
Acacialaan,34,,,9674AC,Winschoten,Oldambt,Groningen,VBO,7.021220,53.147344
Acacialaan,36,,,9674AD,Winschoten,Oldambt,Groningen,VBO,7.021117,53.147381
Acacialaan,38,,,9674AD,Winschoten,Oldambt,Groningen,VBO,7.020999,53.147418
Acacialaan,40,,,9674AD,Winschoten,Oldambt,Groningen,VBO,7.020910,53.147447
Acacialaan,42,,,9674AD,Winschoten,Oldambt,Groningen,VBO,7.020822,53.147475
Acacialaan,44,,,9674AD,Winschoten,Oldambt,Groningen,VBO,7.020733,53.147503
Acacialaan,46,,,9674AD,Winschoten,Oldambt,Groningen,VBO,7.020645,53.147540
Acacialaan,48,,,9674AD,Winschoten,Oldambt,Groningen,VBO,7.020571,53.147559
Acacialaan,50,,,9674AD,Winschoten,Oldambt,Groningen,VBO,7.020467,53.147596
Acacialaan,52,,,9674AD,Winschoten,Oldambt,Groningen,VBO,7.020394,53.147624
Acacialaan,54,,,9674AD,Winschoten,Oldambt,Groningen,VBO,7.020275,53.147662
Acacialaan,56,,,9674AD,Winschoten,Oldambt,Groningen,VBO,7.020201,53.147681
Acacialaan,58,,,9674AD,Winschoten,Oldambt,Groningen,VBO,7.020069,53.147728
Acacialaan,60,,,9674AD,Winschoten,Oldambt,Groningen,VBO,7.019980,53.147756
Acacialaan,62,,,9674AD,Winschoten,Oldambt,Groningen,VBO,7.019862,53.147793
Acacialaan,64,,,9674AD,Winschoten,Oldambt,Groningen,VBO,7.019639,53.147823
Acacialaan,66,,,9674AD,Winschoten,Oldambt,Groningen,VBO,7.019508,53.147924
Acacialaan,68,,,9674AD,Winschoten,Oldambt,Groningen,VBO,7.019345,53.147962
Acacialaan,70,,,9674AD,Winschoten,Oldambt,Groningen,VBO,7.019138,53.148010
Acacialaan,74,,,9674AD,Winschoten,Oldambt,Groningen,VBO,7.018874,53.148148
Acacialaan,76,,,9674AD,Winschoten,Oldambt,Groningen,VBO,7.018656,53.148166
Acacialaan,78,,,9674AD,Winschoten,Oldambt,Groningen,VBO,7.018542,53.148010
St. Vitusholt,5,,,9674AE,Winschoten,Oldambt,Groningen,VBO,7.023695,53.147561
St. Vitusholt,7,,,9674AE,Winschoten,Oldambt,Groningen,VBO,7.023704,53.147400
St. Vitusholt,9,,,9674AE,Winschoten,Oldambt,Groningen,VBO,7.023806,53.147326
St. Vitusholt,11,,,9674AE,Winschoten,Oldambt,Groningen,VBO,7.023801,53.147209
St. Vitusholt,13,,,9674AE,Winschoten,Oldambt,Groningen,VBO,7.023587,53.147078
St. Vitusholt,15,,,9674AE,Winschoten,Oldambt,Groningen,VBO,7.023506,53.146899
St. Vitusholt,17,,,9674AE,Winschoten,Oldambt,Groningen,VBO,7.023423,53.146684
St. Vitusholt,19,,,9674AE,Winschoten,Oldambt,Groningen,VBO,7.023314,53.146587
St. Vitusholt,23,,,9674AE,Winschoten,Oldambt,Groningen,VBO,7.023192,53.146517
St. Vitusholt,25,,,9674AE,Winschoten,Oldambt,Groningen,VBO,7.023128,53.146401
St. Vitusholt,27,,,9674AE,Winschoten,Oldambt,Groningen,VBO,7.022786,53.146441
St. Vitusholt,29,,,9674AE,Winschoten,Oldambt,Groningen,VBO,7.022836,53.146189
St. Vitusholt,31,,,9674AE,Winschoten,Oldambt,Groningen,VBO,7.022799,53.146001
St. Vitusholt,33,,,9674AE,Winschoten,Oldambt,Groningen,VBO,7.022752,53.145957
St. Vitusholt,35,,,9674AE,Winschoten,Oldambt,Groningen,VBO,7.022706,53.145912
St. Vitusholt,37,,,9674AE,Winschoten,Oldambt,Groningen,VBO,7.022660,53.145877
St. Vitusholt,41,,,9674AG,Winschoten,Oldambt,Groningen,VBO,7.022565,53.145357
St. Vitusholt,43,,,9674AG,Winschoten,Oldambt,Groningen,VBO,7.022863,53.145335
St. Vitusholt,45,,,9674AG,Winschoten,Oldambt,Groningen,VBO,7.023130,53.145277
St. Vitusholt,47,,,9674AG,Winschoten,Oldambt,Groningen,VBO,7.023173,53.145232
St. Vitusholt,49,A,,9674AG,Winschoten,Oldambt,Groningen,VBO,7.023121,53.145026
St. Vitusholt,49,,,9674AG,Winschoten,Oldambt,Groningen,VBO,7.023123,53.145089
St. Vitusholt,51,,,9674AG,Winschoten,Oldambt,Groningen,VBO,7.023042,53.144919
St. Vitusholt,53,,,9674AG,Winschoten,Oldambt,Groningen,VBO,7.023010,53.144866
St. Vitusholt,55,A,,9674AG,Winschoten,Oldambt,Groningen,VBO,7.022855,53.144724
St. Vitusholt,55,B,,9674AG,Winschoten,Oldambt,Groningen,VBO,7.022854,53.144697
St. Vitusholt,55,C,,9674AG,Winschoten,Oldambt,Groningen,VBO,7.022809,53.144680
St. Vitusholt,55,,,9674AG,Winschoten,Oldambt,Groningen,VBO,7.022841,53.144751
St. Vitusholt,57,,,9674AG,Winschoten,Oldambt,Groningen,VBO,7.022774,53.144545
St. Vitusholt,59,,,9674AG,Winschoten,Oldambt,Groningen,VBO,7.022710,53.144447
St. Vitusholt,61,,,9674AG,Winschoten,Oldambt,Groningen,VBO,7.022664,53.144403
St. Vitusholt,63,,,9674AG,Winschoten,Oldambt,Groningen,VBO,7.022632,53.144358
St. Vitusholt,65,,,9674AG,Winschoten,Oldambt,Groningen,VBO,7.022569,53.144260
St. Vitusholt,67,,,9674AG,Winschoten,Oldambt,Groningen,VBO,7.022522,53.144207
St. Vitusholt,69,,,9674AG,Winschoten,Oldambt,Groningen,VBO,7.022429,53.144110
St. Vitusholt,71,,,9674AH,Winschoten,Oldambt,Groningen,VBO,7.022522,53.143821
St. Vitusholt,73,,,9674AH,Winschoten,Oldambt,Groningen,VBO,7.022549,53.143748
St. Vitusholt,75,,,9674AH,Winschoten,Oldambt,Groningen,VBO,7.022532,53.143686
St. Vitusholt,77,,,9674AH,Winschoten,Oldambt,Groningen,VBO,7.022575,53.143622
St. Vitusholt,87,,,9674AH,Winschoten,Oldambt,Groningen,VBO,7.022329,53.142892
St. Vitusholt,89,,,9674AH,Winschoten,Oldambt,Groningen,VBO,7.022268,53.142753
St. Vitusholt,91,,,9674AH,Winschoten,Oldambt,Groningen,VBO,7.022199,53.142704
St. Vitusholt,93,,,9674AH,Winschoten,Oldambt,Groningen,VBO,7.022151,53.142578
St. Vitusholt,95,,,9674AH,Winschoten,Oldambt,Groningen,VBO,7.022104,53.142511
St. Vitusholt,97,,,9674AH,Winschoten,Oldambt,Groningen,VBO,7.022035,53.142408
St. Vitusholt,101,,,9674AH,Winschoten,Oldambt,Groningen,VBO,7.021671,53.141861
St. Vitusholt,103,,,9674AH,Winschoten,Oldambt,Groningen,VBO,7.021142,53.141963
St. Vitusholt,109,,,9674AH,Winschoten,Oldambt,Groningen,VBO,7.021512,53.141606
St. Vitusholt,111,,,9674AH,Winschoten,Oldambt,Groningen,VBO,7.021583,53.141506
St. Vitusholt,115,,,9674AH,Winschoten,Oldambt,Groningen,VBO,7.021490,53.141426
St. Vitusholt,117,,,9674AJ,Winschoten,Oldambt,Groningen,VBO,7.021366,53.141302
St. Vitusholt,119,,,9674AJ,Winschoten,Oldambt,Groningen,VBO,7.021323,53.141261
St. Vitusholt,123,,,9674AJ,Winschoten,Oldambt,Groningen,VBO,7.021254,53.141106
St. Vitusholt,125,,,9674AJ,Winschoten,Oldambt,Groningen,VBO,7.020791,53.141021
St. Vitusholt,129,,,9674AJ,Winschoten,Oldambt,Groningen,VBO,7.020584,53.140759
St. Vitusholt,131,,,9674AJ,Winschoten,Oldambt,Groningen,VBO,7.020650,53.140548
St. Vitusholt,135,,,9674AJ,Winschoten,Oldambt,Groningen,VBO,7.020543,53.140382
St. Vitusholt,137,,,9674AJ,Winschoten,Oldambt,Groningen,VBO,7.020563,53.140235
St. Vitusholt,139,,,9674AJ,Winschoten,Oldambt,Groningen,VBO,7.020532,53.140190
St. Vitusholt,143,,,9674AJ,Winschoten,Oldambt,Groningen,VBO,7.020514,53.140109
St. Vitusholt,145,,,9674AJ,Winschoten,Oldambt,Groningen,VBO,7.020497,53.140065
St. Vitusholt,147,,,9674AJ,Winschoten,Oldambt,Groningen,VBO,7.020509,53.139984
St. Vitusholt,149,,,9674AJ,Winschoten,Oldambt,Groningen,VBO,7.020457,53.139939
St. Vitusholt,151,,,9674AJ,Winschoten,Oldambt,Groningen,VBO,7.019670,53.139829
St. Vitusholt,153,A,,9674AJ,Winschoten,Oldambt,Groningen,VBO,7.020360,53.139834
St. Vitusholt,153,B,,9674AJ,Winschoten,Oldambt,Groningen,VBO,7.020184,53.139817
St. Vitusholt,153,,,9674AJ,Winschoten,Oldambt,Groningen,VBO,7.020472,53.139824
St. Vitusholt,155,,,9674AJ,Winschoten,Oldambt,Groningen,VBO,7.020450,53.139772
St. Vitusholt,157,,,9674AJ,Winschoten,Oldambt,Groningen,VBO,7.020185,53.139700
St. Vitusholt,159,,,9674AJ,Winschoten,Oldambt,Groningen,VBO,7.020423,53.139670
St. Vitusholt,161,,,9674AJ,Winschoten,Oldambt,Groningen,VBO,7.020406,53.139617
St. Vitusholt,163,,,9674AJ,Winschoten,Oldambt,Groningen,VBO,7.020340,53.139456
St. Vitusholt,165,,,9674AJ,Winschoten,Oldambt,Groningen,VBO,7.020350,53.139330
St. Vitusholt,169,,,9674AK,Winschoten,Oldambt,Groningen,VBO,7.020482,53.139044
St. Vitusholt,171,,,9674AK,Winschoten,Oldambt,Groningen,VBO,7.020631,53.138859
St. Vitusholt,173,,,9674AK,Winschoten,Oldambt,Groningen,VBO,7.020646,53.138867
St. Vitusholt,175,A,,9674AK,Winschoten,Oldambt,Groningen,VBO,7.020342,53.138710
St. Vitusholt,175,B,,9674AK,Winschoten,Oldambt,Groningen,VBO,7.020717,53.138758
St. Vitusholt,175,,,9674AK,Winschoten,Oldambt,Groningen,VBO,7.020687,53.138759
St. Vitusholt,177,A,,9674AK,Winschoten,Oldambt,Groningen,VBO,7.020376,53.138257
St. Vitusholt,177,F,,9674AK,Winschoten,Oldambt,Groningen,VBO,7.020158,53.138380
St. Vitusholt,177,G,,9674AK,Winschoten,Oldambt,Groningen,VBO,7.020154,53.138403
St. Vitusholt,177,H,,9674AK,Winschoten,Oldambt,Groningen,VBO,7.020155,53.138429
St. Vitusholt,177,I,,9674AK,Winschoten,Oldambt,Groningen,VBO,7.020145,53.138452
St. Vitusholt,177,J,,9674AK,Winschoten,Oldambt,Groningen,VBO,7.020144,53.138475
St. Vitusholt,177,K,,9674AK,Winschoten,Oldambt,Groningen,VBO,7.020139,53.138501
St. Vitusholt,177,L,,9674AK,Winschoten,Oldambt,Groningen,VBO,7.020138,53.138530
St. Vitusholt,177,,,9674AK,Winschoten,Oldambt,Groningen,VBO,7.020455,53.138537
St. Vitusholt,183,,,9674AK,Winschoten,Oldambt,Groningen,VBO,7.020890,53.138594
St. Vitusholt,185,,,9674AK,Winschoten,Oldambt,Groningen,VBO,7.020932,53.138513
St. Vitusholt,189,,,9674AK,Winschoten,Oldambt,Groningen,VBO,7.021061,53.138367
St. Vitusholt,191,,,9674AK,Winschoten,Oldambt,Groningen,VBO,7.021117,53.138268
St. Vitusholt,193,,,9674AK,Winschoten,Oldambt,Groningen,VBO,7.021250,53.138239
St. Vitusholt,195,,,9674AK,Winschoten,Oldambt,Groningen,VBO,7.021173,53.138168
St. Vitusholt,205,,,9674AL,Winschoten,Oldambt,Groningen,VBO,7.021473,53.137954
St. Vitusholt,207,,,9674AL,Winschoten,Oldambt,Groningen,VBO,7.021533,53.137795
St. Vitusholt,215,,,9674AL,Winschoten,Oldambt,Groningen,VBO,7.019550,53.136503
St. Vitusholt,217,,,9674AL,Winschoten,Oldambt,Groningen,VBO,7.019228,53.136525
St. Vitusholt,219,,,9674AL,Winschoten,Oldambt,Groningen,VBO,7.018815,53.136572
St. Vitusholt,223,,,9674AL,Winschoten,Oldambt,Groningen,VBO,7.022376,53.136786
St. Vitusholt,225,,,9674AL,Winschoten,Oldambt,Groningen,VBO,7.022732,53.136615
St. Vitusholt,229,,,9674AL,Winschoten,Oldambt,Groningen,VBO,7.022742,53.136565
St. Vitusholt,231,,,9674AL,Winschoten,Oldambt,Groningen,VBO,7.022752,53.136439
St. Vitusholt,233,,,9674AL,Winschoten,Oldambt,Groningen,VBO,7.022750,53.136403
St. Vitusholt 1e laan,1,,,9674AM,Winschoten,Oldambt,Groningen,VBO,7.017813,53.142618
St. Vitusholt 2e laan,1,,,9674AN,Winschoten,Oldambt,Groningen,VBO,7.019995,53.140611
St. Vitusholt 2e laan,5,,,9674AN,Winschoten,Oldambt,Groningen,VBO,7.019697,53.140651
St. Vitusholt 2e laan,9,,,9674AN,Winschoten,Oldambt,Groningen,VBO,7.019252,53.140720
St. Vitusholt 2e laan,11,,,9674AN,Winschoten,Oldambt,Groningen,VBO,7.019103,53.140749
St. Vitusholt 2e laan,13,,,9674AN,Winschoten,Oldambt,Groningen,VBO,7.019014,53.140768
St. Vitusholt 2e laan,15,,,9674AN,Winschoten,Oldambt,Groningen,VBO,7.018806,53.140798
St. Vitusholt 2e laan,17,,,9674AN,Winschoten,Oldambt,Groningen,VBO,7.018613,53.140827
St. Vitusholt 2e laan,19,,,9674AN,Winschoten,Oldambt,Groningen,VBO,7.018435,53.140866
St. Vitusholt 2e laan,21,,,9674AN,Winschoten,Oldambt,Groningen,VBO,7.018256,53.140886
St. Vitusholt 2e laan,23,,,9674AN,Winschoten,Oldambt,Groningen,VBO,7.018078,53.140906
St. Vitusholt 2e laan,25,,,9674AN,Winschoten,Oldambt,Groningen,VBO,7.014655,53.140917
St. Vitusholt 2e laan,27,,,9674AN,Winschoten,Oldambt,Groningen,VBO,7.017174,53.141125
St. Vitusholt 2e laan,29,,,9674AN,Winschoten,Oldambt,Groningen,VBO,7.014575,53.141152
St. Vitusholt 2e laan,31,,,9674AN,Winschoten,Oldambt,Groningen,VBO,7.013724,53.141199
St. Vitusholt 2e laan,33,,,9674AN,Winschoten,Oldambt,Groningen,VBO,7.013137,53.141090
St. Vitusholt 2e laan,35,,,9674AN,Winschoten,Oldambt,Groningen,VBO,7.012615,53.141107
St. Vitusholt 2e laan,37,A,,9674AN,Winschoten,Oldambt,Groningen,VBO,7.010863,53.141022
St. Vitusholt 2e laan,37,,,9674AN,Winschoten,Oldambt,Groningen,VBO,7.011657,53.141084
St. Vitusholt 2e laan,39,A,,9674AN,Winschoten,Oldambt,Groningen,VBO,7.009369,53.141043
St. Vitusholt 2e laan,39,,,9674AN,Winschoten,Oldambt,Groningen,VBO,7.009771,53.140992
St. Vitusholt 2e laan,41,,,9674AN,Winschoten,Oldambt,Groningen,VBO,7.008553,53.141042
St. Vitusholt 2e laan,43,,,9674AN,Winschoten,Oldambt,Groningen,VBO,7.008198,53.140510
St. Vitusholt 2e laan,45,,,9674AN,Winschoten,Oldambt,Groningen,VBO,7.007620,53.141032
St. Vitusholt 2e laan,47,,,9674AN,Winschoten,Oldambt,Groningen,VBO,7.006884,53.140528
St. Vitusholt 2e laan,2,,,9674AP,Winschoten,Oldambt,Groningen,VBO,7.020180,53.140375
St. Vitusholt 2e laan,4,,,9674AP,Winschoten,Oldambt,Groningen,VBO,7.020106,53.140385
St. Vitusholt 2e laan,6,,,9674AP,Winschoten,Oldambt,Groningen,VBO,7.019987,53.140404
St. Vitusholt 2e laan,8,,,9674AP,Winschoten,Oldambt,Groningen,VBO,7.019868,53.140433
St. Vitusholt 2e laan,10,,,9674AP,Winschoten,Oldambt,Groningen,VBO,7.019765,53.140452
St. Vitusholt 2e laan,12,,,9674AP,Winschoten,Oldambt,Groningen,VBO,7.019645,53.140463
St. Vitusholt 2e laan,14,,,9674AP,Winschoten,Oldambt,Groningen,VBO,7.019542,53.140482
St. Vitusholt 2e laan,16,,,9674AP,Winschoten,Oldambt,Groningen,VBO,7.019372,53.140495
St. Vitusholt 2e laan,18,,,9674AP,Winschoten,Oldambt,Groningen,VBO,7.019261,53.140506
St. Vitusholt 2e laan,20,,,9674AP,Winschoten,Oldambt,Groningen,VBO,7.019119,53.140524
St. Vitusholt 2e laan,22,,,9674AP,Winschoten,Oldambt,Groningen,VBO,7.018986,53.140544
St. Vitusholt 2e laan,24,,,9674AP,Winschoten,Oldambt,Groningen,VBO,7.018842,53.140556
St. Vitusholt 2e laan,26,,,9674AP,Winschoten,Oldambt,Groningen,VBO,7.018723,53.140571
St. Vitusholt 2e laan,28,,,9674AP,Winschoten,Oldambt,Groningen,VBO,7.018576,53.140597
St. Vitusholt 2e laan,30,,,9674AP,Winschoten,Oldambt,Groningen,VBO,7.018462,53.140609
St. Vitusholt 2e laan,32,,,9674AP,Winschoten,Oldambt,Groningen,VBO,7.018309,53.140629
St. Vitusholt 2e laan,34,,,9674AP,Winschoten,Oldambt,Groningen,VBO,7.018184,53.140642
St. Vitusholt 2e laan,36,,,9674AP,Winschoten,Oldambt,Groningen,VBO,7.018051,53.140660
St. Vitusholt 2e laan,38,,,9674AP,Winschoten,Oldambt,Groningen,VBO,7.017925,53.140678
St. Vitusholt 2e laan,50,,,9674AP,Winschoten,Oldambt,Groningen,VBO,7.016311,53.140823
St. Vitusholt 2e laan,52,,,9674AP,Winschoten,Oldambt,Groningen,VBO,7.015534,53.140824
St. Vitusholt 2e laan,56,,,9674AP,Winschoten,Oldambt,Groningen,VBO,7.012499,53.140812
St. Vitusholt 2e laan,66,,,9674AP,Winschoten,Oldambt,Groningen,VBO,7.008087,53.140323
St. Vitusholt 2e laan,68,,,9674AP,Winschoten,Oldambt,Groningen,VBO,7.007305,53.140217
St. Vitusholt 3e laan,1,,,9674AR,Winschoten,Oldambt,Groningen,VBO,7.019206,53.139516
St. Vitusholt 3e laan,2,,,9674AR,Winschoten,Oldambt,Groningen,VBO,7.018907,53.139511
St. Vitusholt 3e laan,3,,,9674AR,Winschoten,Oldambt,Groningen,VBO,7.018684,53.139550
St. Vitusholt 4e laan,1,,,9674AS,Winschoten,Oldambt,Groningen,VBO,7.019827,53.139319
St. Vitusholt 4e laan,3,,,9674AS,Winschoten,Oldambt,Groningen,VBO,7.019766,53.139311
St. Vitusholt 4e laan,5,,,9674AS,Winschoten,Oldambt,Groningen,VBO,7.019662,53.139321
St. Vitusholt 4e laan,7,,,9674AS,Winschoten,Oldambt,Groningen,VBO,7.019091,53.139230
St. Vitusholt 4e laan,17,,,9674AS,Winschoten,Oldambt,Groningen,VBO,7.017564,53.139170
St. Vitusholt 4e laan,21,,,9674AS,Winschoten,Oldambt,Groningen,VBO,7.016711,53.139128
St. Vitusholt 4e laan,23,,,9674AS,Winschoten,Oldambt,Groningen,VBO,7.016203,53.139143
St. Vitusholt 4e laan,25,A,,9674AS,Winschoten,Oldambt,Groningen,VBO,7.013909,53.139131
St. Vitusholt 4e laan,25,,,9674AS,Winschoten,Oldambt,Groningen,VBO,7.015141,53.139131
St. Vitusholt 4e laan,27,A,,9674AS,Winschoten,Oldambt,Groningen,VBO,7.011592,53.139341
St. Vitusholt 4e laan,27,,,9674AS,Winschoten,Oldambt,Groningen,VBO,7.012241,53.139116
St. Vitusholt 4e laan,29,,,9674AS,Winschoten,Oldambt,Groningen,VBO,7.010837,53.139126
St. Vitusholt 4e laan,31,,,9674AS,Winschoten,Oldambt,Groningen,VBO,7.008418,53.139204
St. Vitusholt 4e laan,33,,,9674AS,Winschoten,Oldambt,Groningen,VBO,7.007910,53.139202
St. Vitusholt 4e laan,35,,,9674AS,Winschoten,Oldambt,Groningen,VBO,7.007670,53.139160
St. Vitusholt 4e laan,37,,,9674AS,Winschoten,Oldambt,Groningen,VBO,7.006801,53.139523
St. Vitusholt 4e laan,39,,,9674AS,Winschoten,Oldambt,Groningen,VBO,7.006070,53.139146
St. Vitusholt 4e laan,41,,,9674AS,Winschoten,Oldambt,Groningen,VBO,7.005091,53.138953
St. Vitusholt 4e laan,43,,,9674AS,Winschoten,Oldambt,Groningen,VBO,7.007536,53.138776
St. Vitusholt 4e laan,2,,,9674AT,Winschoten,Oldambt,Groningen,VBO,7.019174,53.139067
St. Vitusholt 4e laan,6,,,9674AT,Winschoten,Oldambt,Groningen,VBO,7.017419,53.139000
St. Vitusholt 4e laan,10,,,9674AT,Winschoten,Oldambt,Groningen,VBO,7.016420,53.138943
St. Vitusholt 4e laan,16,,,9674AT,Winschoten,Oldambt,Groningen,VBO,7.015912,53.138950
St. Vitusholt 4e laan,18,,,9674AT,Winschoten,Oldambt,Groningen,VBO,7.014648,53.138935
St. Vitusholt 4e laan,20,,,9674AT,Winschoten,Oldambt,Groningen,VBO,7.014493,53.138915
St. Vitusholt 4e laan,26,,,9674AT,Winschoten,Oldambt,Groningen,VBO,7.011113,53.138916
St. Vitusholt 4e laan,28,,,9674AT,Winschoten,Oldambt,Groningen,VBO,7.009053,53.139008
St. Vitusholt 5e laan,1,A,,9674AV,Winschoten,Oldambt,Groningen,VBO,7.019630,53.138668
St. Vitusholt 5e laan,1,,,9674AV,Winschoten,Oldambt,Groningen,VBO,7.019283,53.138769
St. Vitusholt 5e laan,2,,,9674AV,Winschoten,Oldambt,Groningen,VBO,7.018315,53.138872
St. Vitusholt 5e laan,3,,,9674AV,Winschoten,Oldambt,Groningen,VBO,7.017266,53.138805
St. Vitusholt 5e laan,4,,,9674AV,Winschoten,Oldambt,Groningen,VBO,7.015577,53.138792
St. Vitusholt 5e laan,5,,,9674AV,Winschoten,Oldambt,Groningen,VBO,7.015112,53.138818
St. Vitusholt 6e laan,1,,,9674AW,Winschoten,Oldambt,Groningen,VBO,7.020762,53.138028
St. Vitusholt 6e laan,3,A,,9674AW,Winschoten,Oldambt,Groningen,VBO,7.020155,53.138164
St. Vitusholt 6e laan,3,B,,9674AW,Winschoten,Oldambt,Groningen,VBO,7.020115,53.138166
St. Vitusholt 6e laan,3,,,9674AW,Winschoten,Oldambt,Groningen,VBO,7.020394,53.138116
St. Vitusholt 6e laan,5,,,9674AW,Winschoten,Oldambt,Groningen,VBO,7.020084,53.138228
St. Vitusholt 6e laan,7,,,9674AW,Winschoten,Oldambt,Groningen,VBO,7.019615,53.138072
St. Vitusholt 6e laan,10,,,9674AW,Winschoten,Oldambt,Groningen,VBO,7.021178,53.137907
St. Vitusholt 6e laan,12,,,9674AW,Winschoten,Oldambt,Groningen,VBO,7.021118,53.137899
St. Vitusholt 6e laan,14,,,9674AW,Winschoten,Oldambt,Groningen,VBO,7.021028,53.137891
St. Vitusholt 6e laan,16,,,9674AW,Winschoten,Oldambt,Groningen,VBO,7.020968,53.137883
St. Vitusholt 6e laan,18,,,9674AW,Winschoten,Oldambt,Groningen,VBO,7.020893,53.137884
St. Vitusholt 6e laan,20,A,,9674AW,Winschoten,Oldambt,Groningen,VBO,7.020605,53.137780
St. Vitusholt 6e laan,20,,,9674AW,Winschoten,Oldambt,Groningen,VBO,7.020804,53.137886
St. Vitusholt 6e laan,22,,,9674AW,Winschoten,Oldambt,Groningen,VBO,7.020248,53.137803
St. Vitusholt 7e laan,1,,,9674AX,Winschoten,Oldambt,Groningen,VBO,7.019575,53.137794
St. Vitusholt 7e laan,3,,,9674AX,Winschoten,Oldambt,Groningen,VBO,7.016473,53.137989
St. Vitusholt 7e laan,5,,,9674AX,Winschoten,Oldambt,Groningen,VBO,7.016958,53.138139
St. Vitusholt 7e laan,6,,,9674AX,Winschoten,Oldambt,Groningen,VBO,7.015242,53.137289
St. Vitusholt 7e laan,8,,,9674AX,Winschoten,Oldambt,Groningen,VBO,7.015028,53.136929
St. Vitusholt 7e laan,9,,,9674AX,Winschoten,Oldambt,Groningen,VBO,7.015549,53.138038
St. Vitusholt 7e laan,10,,,9674AX,Winschoten,Oldambt,Groningen,VBO,7.010634,53.137709
St. Vitusholt 7e laan,11,,,9674AX,Winschoten,Oldambt,Groningen,VBO,7.014877,53.138074
St. Vitusholt 7e laan,12,,,9674AX,Winschoten,Oldambt,Groningen,VBO,7.009227,53.137638
St. Vitusholt 7e laan,13,A,,9674AX,Winschoten,Oldambt,Groningen,VBO,7.014547,53.138097
St. Vitusholt 7e laan,13,,,9674AX,Winschoten,Oldambt,Groningen,VBO,7.013154,53.138340
St. Vitusholt 7e laan,14,,,9674AX,Winschoten,Oldambt,Groningen,VBO,7.008043,53.137547
St. Vitusholt 7e laan,15,A,,9674AX,Winschoten,Oldambt,Groningen,VBO,7.011067,53.138117
St. Vitusholt 7e laan,15,,,9674AX,Winschoten,Oldambt,Groningen,VBO,7.012071,53.138166
St. Vitusholt 7e laan,16,A,,9674AX,Winschoten,Oldambt,Groningen,VBO,7.005376,53.137332
St. Vitusholt 7e laan,16,,,9674AX,Winschoten,Oldambt,Groningen,VBO,7.006680,53.137466
St. Vitusholt 7e laan,17,A,,9674AX,Winschoten,Oldambt,Groningen,VBO,7.009330,53.138005
St. Vitusholt 7e laan,17,,,9674AX,Winschoten,Oldambt,Groningen,VBO,7.009945,53.138069
St. Vitusholt 7e laan,18,,,9674AX,Winschoten,Oldambt,Groningen,VBO,7.004746,53.137303
St. Vitusholt 7e laan,19,,,9674AX,Winschoten,Oldambt,Groningen,VBO,7.008897,53.138011
St. Vitusholt 7e laan,20,,,9674AX,Winschoten,Oldambt,Groningen,VBO,7.003924,53.137216
St. Vitusholt 7e laan,21,A,,9674AX,Winschoten,Oldambt,Groningen,VBO,7.006364,53.137830
St. Vitusholt 7e laan,21,,,9674AX,Winschoten,Oldambt,Groningen,VBO,7.006873,53.137850
St. Vitusholt 7e laan,23,,,9674AX,Winschoten,Oldambt,Groningen,VBO,7.005522,53.137719
St. Vitusholt 7e laan,25,,,9674AX,Winschoten,Oldambt,Groningen,VBO,7.004031,53.137624
St. Vitusholt 8e laan,1,A,,9674AZ,Winschoten,Oldambt,Groningen,VBO,7.021405,53.136385
St. Vitusholt 8e laan,1,,,9674AZ,Winschoten,Oldambt,Groningen,VBO,7.022331,53.136364
St. Vitusholt 8e laan,2,A,,9674AZ,Winschoten,Oldambt,Groningen,VBO,7.021966,53.136198
St. Vitusholt 8e laan,2,B,,9674AZ,Winschoten,Oldambt,Groningen,VBO,7.021801,53.136216
St. Vitusholt 8e laan,2,,,9674AZ,Winschoten,Oldambt,Groningen,VBO,7.022639,53.136216
St. Vitusholt 8e laan,3,,,9674AZ,Winschoten,Oldambt,Groningen,VBO,7.018614,53.136495
St. Vitusholt 8e laan,4,,,9674AZ,Winschoten,Oldambt,Groningen,VBO,7.020411,53.136201
St. Vitusholt 8e laan,5,,,9674AZ,Winschoten,Oldambt,Groningen,VBO,7.017389,53.136494
St. Vitusholt 8e laan,7,,,9674AZ,Winschoten,Oldambt,Groningen,VBO,7.016388,53.136517
St. Vitusholt 8e laan,8,,,9674AZ,Winschoten,Oldambt,Groningen,VBO,7.018690,53.136292
St. Vitusholt 8e laan,9,,,9674AZ,Winschoten,Oldambt,Groningen,VBO,7.014584,53.136622
St. Vitusholt 8e laan,11,,,9674AZ,Winschoten,Oldambt,Groningen,VBO,7.014105,53.136620
St. Vitusholt 8e laan,13,,,9674AZ,Winschoten,Oldambt,Groningen,VBO,7.012403,53.136652
Kastanjelaan,1,,,9674BA,Winschoten,Oldambt,Groningen,VBO,7.022121,53.144267
Kastanjelaan,3,,,9674BA,Winschoten,Oldambt,Groningen,VBO,7.022017,53.144304
Kastanjelaan,5,,,9674BA,Winschoten,Oldambt,Groningen,VBO,7.021870,53.144351
Kastanjelaan,7,,,9674BA,Winschoten,Oldambt,Groningen,VBO,7.021781,53.144370
Kastanjelaan,9,,,9674BA,Winschoten,Oldambt,Groningen,VBO,7.021706,53.144380
Kastanjelaan,11,,,9674BA,Winschoten,Oldambt,Groningen,VBO,7.021648,53.144408
Kastanjelaan,13,,,9674BA,Winschoten,Oldambt,Groningen,VBO,7.021575,53.144454
Kastanjelaan,15,,,9674BA,Winschoten,Oldambt,Groningen,VBO,7.021251,53.144602
Kastanjelaan,17,,,9674BA,Winschoten,Oldambt,Groningen,VBO,7.021207,53.144603
Kastanjelaan,19,,,9674BA,Winschoten,Oldambt,Groningen,VBO,7.021133,53.144631
Kastanjelaan,21,,,9674BA,Winschoten,Oldambt,Groningen,VBO,7.021044,53.144650
Kastanjelaan,23,,,9674BA,Winschoten,Oldambt,Groningen,VBO,7.020956,53.144696
Kastanjelaan,25,,,9674BA,Winschoten,Oldambt,Groningen,VBO,7.020794,53.144752
Kastanjelaan,27,,,9674BA,Winschoten,Oldambt,Groningen,VBO,7.020734,53.144753
Kastanjelaan,29,,,9674BA,Winschoten,Oldambt,Groningen,VBO,7.020691,53.144798
Kastanjelaan,31,,,9674BA,Winschoten,Oldambt,Groningen,VBO,7.020586,53.144809
Kastanjelaan,33,,,9674BA,Winschoten,Oldambt,Groningen,VBO,7.020497,53.144810
Kastanjelaan,35,,,9674BB,Winschoten,Oldambt,Groningen,VBO,7.020203,53.144949
Kastanjelaan,37,,,9674BB,Winschoten,Oldambt,Groningen,VBO,7.020128,53.144950
Kastanjelaan,39,,,9674BB,Winschoten,Oldambt,Groningen,VBO,7.020040,53.144996
Kastanjelaan,41,,,9674BB,Winschoten,Oldambt,Groningen,VBO,7.019966,53.145015
Kastanjelaan,43,,,9674BB,Winschoten,Oldambt,Groningen,VBO,7.019878,53.145052
Kastanjelaan,45,,,9674BB,Winschoten,Oldambt,Groningen,VBO,7.019804,53.145080
Kastanjelaan,47,,,9674BB,Winschoten,Oldambt,Groningen,VBO,7.019701,53.145117
Kastanjelaan,49,,,9674BB,Winschoten,Oldambt,Groningen,VBO,7.019361,53.145221
Kastanjelaan,51,,,9674BB,Winschoten,Oldambt,Groningen,VBO,7.019287,53.145240
Kastanjelaan,53,,,9674BB,Winschoten,Oldambt,Groningen,VBO,7.019199,53.145268
Kastanjelaan,55,,,9674BB,Winschoten,Oldambt,Groningen,VBO,7.019140,53.145287
Kastanjelaan,57,,,9674BB,Winschoten,Oldambt,Groningen,VBO,7.019051,53.145324
Kastanjelaan,59,,,9674BB,Winschoten,Oldambt,Groningen,VBO,7.018978,53.145352
Kastanjelaan,61,,,9674BB,Winschoten,Oldambt,Groningen,VBO,7.018874,53.145380
Kastanjelaan,63,,,9674BB,Winschoten,Oldambt,Groningen,VBO,7.018550,53.145511
Kastanjelaan,65,,,9674BB,Winschoten,Oldambt,Groningen,VBO,7.018476,53.145521
Kastanjelaan,67,,,9674BB,Winschoten,Oldambt,Groningen,VBO,7.018387,53.145558
Kastanjelaan,69,,,9674BB,Winschoten,Oldambt,Groningen,VBO,7.018299,53.145586
Kastanjelaan,71,,,9674BB,Winschoten,Oldambt,Groningen,VBO,7.018240,53.145605
Kastanjelaan,73,,,9674BB,Winschoten,Oldambt,Groningen,VBO,7.018122,53.145642
Kastanjelaan,75,,,9674BB,Winschoten,Oldambt,Groningen,VBO,7.018033,53.145679
Kastanjelaan,77,,,9674BC,Winschoten,Oldambt,Groningen,VBO,7.017708,53.145774
Kastanjelaan,79,,,9674BC,Winschoten,Oldambt,Groningen,VBO,7.017634,53.145802
Kastanjelaan,81,,,9674BC,Winschoten,Oldambt,Groningen,VBO,7.017545,53.145821
Kastanjelaan,83,,,9674BC,Winschoten,Oldambt,Groningen,VBO,7.017472,53.145849
Kastanjelaan,85,,,9674BC,Winschoten,Oldambt,Groningen,VBO,7.017383,53.145877
Kastanjelaan,87,,,9674BC,Winschoten,Oldambt,Groningen,VBO,7.017309,53.145905
Kastanjelaan,89,,,9674BC,Winschoten,Oldambt,Groningen,VBO,7.017206,53.145942
Kastanjelaan,91,,,9674BC,Winschoten,Oldambt,Groningen,VBO,7.016762,53.146038
Kastanjelaan,93,,,9674BC,Winschoten,Oldambt,Groningen,VBO,7.016736,53.146009
Kastanjelaan,95,,,9674BC,Winschoten,Oldambt,Groningen,VBO,7.016714,53.145978
Kastanjelaan,97,,,9674BC,Winschoten,Oldambt,Groningen,VBO,7.016672,53.146070
Kastanjelaan,99,,,9674BC,Winschoten,Oldambt,Groningen,VBO,7.016644,53.146045
Kastanjelaan,101,,,9674BC,Winschoten,Oldambt,Groningen,VBO,7.016613,53.146014
Kastanjelaan,103,,,9674BD,Winschoten,Oldambt,Groningen,VBO,7.016558,53.146105
Kastanjelaan,105,,,9674BD,Winschoten,Oldambt,Groningen,VBO,7.016515,53.146078
Kastanjelaan,107,,,9674BD,Winschoten,Oldambt,Groningen,VBO,7.016497,53.146056
Kastanjelaan,109,,,9674BD,Winschoten,Oldambt,Groningen,VBO,7.016481,53.146128
Kastanjelaan,111,,,9674BD,Winschoten,Oldambt,Groningen,VBO,7.016453,53.146108
Kastanjelaan,113,,,9674BD,Winschoten,Oldambt,Groningen,VBO,7.016422,53.146083
Kastanjelaan,115,,,9674BD,Winschoten,Oldambt,Groningen,VBO,7.016353,53.146176
Kastanjelaan,117,,,9674BD,Winschoten,Oldambt,Groningen,VBO,7.016331,53.146145
Kastanjelaan,119,,,9674BD,Winschoten,Oldambt,Groningen,VBO,7.016297,53.146123
Kastanjelaan,121,,,9674BD,Winschoten,Oldambt,Groningen,VBO,7.016279,53.146196
Kastanjelaan,123,,,9674BD,Winschoten,Oldambt,Groningen,VBO,7.016253,53.146167
Kastanjelaan,125,,,9674BD,Winschoten,Oldambt,Groningen,VBO,7.016237,53.146142
Kastanjelaan,127,,,9674BD,Winschoten,Oldambt,Groningen,VBO,7.015781,53.146204
Kastanjelaan,129,,,9674BD,Winschoten,Oldambt,Groningen,VBO,7.015813,53.146267
Kastanjelaan,131,,,9674BD,Winschoten,Oldambt,Groningen,VBO,7.015845,53.146311
Kastanjelaan,133,,,9674BD,Winschoten,Oldambt,Groningen,VBO,7.015891,53.146356
Kastanjelaan,135,,,9674BD,Winschoten,Oldambt,Groningen,VBO,7.015923,53.146400
Kastanjelaan,137,,,9674BD,Winschoten,Oldambt,Groningen,VBO,7.015984,53.146426
Kastanjelaan,2,,,9674BE,Winschoten,Oldambt,Groningen,VBO,7.022256,53.143887
Kastanjelaan,4,,,9674BE,Winschoten,Oldambt,Groningen,VBO,7.022137,53.143916
Kastanjelaan,6,,,9674BE,Winschoten,Oldambt,Groningen,VBO,7.021975,53.143981
Kastanjelaan,8,,,9674BE,Winschoten,Oldambt,Groningen,VBO,7.021892,53.144003
Kastanjelaan,10,,,9674BE,Winschoten,Oldambt,Groningen,VBO,7.021695,53.144075
Kastanjelaan,12,,,9674BE,Winschoten,Oldambt,Groningen,VBO,7.021591,53.144094
Kastanjelaan,14,,,9674BE,Winschoten,Oldambt,Groningen,VBO,7.021444,53.144150
Kastanjelaan,16,,,9674BE,Winschoten,Oldambt,Groningen,VBO,7.021355,53.144178
Kastanjelaan,18,,,9674BE,Winschoten,Oldambt,Groningen,VBO,7.021178,53.144243
Kastanjelaan,20,,,9674BE,Winschoten,Oldambt,Groningen,VBO,7.021089,53.144263
Kastanjelaan,22,,,9674BE,Winschoten,Oldambt,Groningen,VBO,7.020912,53.144328
Kastanjelaan,24,,,9674BE,Winschoten,Oldambt,Groningen,VBO,7.020808,53.144347
Kastanjelaan,26,,,9674BE,Winschoten,Oldambt,Groningen,VBO,7.020632,53.144422
Kastanjelaan,28,,,9674BE,Winschoten,Oldambt,Groningen,VBO,7.020558,53.144441
Kastanjelaan,30,,,9674BE,Winschoten,Oldambt,Groningen,VBO,7.020381,53.144515
Kastanjelaan,32,,,9674BE,Winschoten,Oldambt,Groningen,VBO,7.020292,53.144525
Kastanjelaan,36,A,,9674BG,Winschoten,Oldambt,Groningen,VBO,7.015744,53.145825
Kastanjelaan,36,,,9674BG,Winschoten,Oldambt,Groningen,VBO,7.016069,53.145863
Kastanjelaan,38,,,9674BG,Winschoten,Oldambt,Groningen,VBO,7.015697,53.145972
Kastanjelaan,40,,,9674BG,Winschoten,Oldambt,Groningen,VBO,7.015624,53.146018
Kastanjelaan,42,,,9674BG,Winschoten,Oldambt,Groningen,VBO,7.015551,53.146046
Kastanjelaan,44,,,9674BG,Winschoten,Oldambt,Groningen,VBO,7.015477,53.146065
Kastanjelaan,46,,,9674BG,Winschoten,Oldambt,Groningen,VBO,7.015388,53.146102
Kastanjelaan,48,,,9674BG,Winschoten,Oldambt,Groningen,VBO,7.015329,53.146121
Kastanjelaan,50,,,9674BG,Winschoten,Oldambt,Groningen,VBO,7.015226,53.146149
Kastanjelaan,52,,,9674BG,Winschoten,Oldambt,Groningen,VBO,7.015152,53.146177
Kastanjelaan,54,,,9674BG,Winschoten,Oldambt,Groningen,VBO,7.015078,53.146205
Hazelaarstraat,1,,,9674BH,Winschoten,Oldambt,Groningen,VBO,7.016418,53.148038
Hazelaarstraat,3,,,9674BH,Winschoten,Oldambt,Groningen,VBO,7.016371,53.147994
Hazelaarstraat,5,,,9674BH,Winschoten,Oldambt,Groningen,VBO,7.016340,53.147949
Hazelaarstraat,7,,,9674BH,Winschoten,Oldambt,Groningen,VBO,7.016278,53.147905
Hazelaarstraat,9,,,9674BH,Winschoten,Oldambt,Groningen,VBO,7.016232,53.147861
Hazelaarstraat,11,,,9674BH,Winschoten,Oldambt,Groningen,VBO,7.016216,53.147825
Hazelaarstraat,13,,,9674BH,Winschoten,Oldambt,Groningen,VBO,7.016184,53.147790
Hazelaarstraat,15,,,9674BH,Winschoten,Oldambt,Groningen,VBO,7.016137,53.147736
Hazelaarstraat,17,A,,9674BH,Winschoten,Oldambt,Groningen,VBO,7.016007,53.147587
Hazelaarstraat,17,B,,9674BH,Winschoten,Oldambt,Groningen,VBO,7.015971,53.147601
Hazelaarstraat,17,C,,9674BH,Winschoten,Oldambt,Groningen,VBO,7.015930,53.147613
Hazelaarstraat,17,D,,9674BH,Winschoten,Oldambt,Groningen,VBO,7.015891,53.147628
Hazelaarstraat,17,E,,9674BH,Winschoten,Oldambt,Groningen,VBO,7.015854,53.147641
Hazelaarstraat,17,F,,9674BH,Winschoten,Oldambt,Groningen,VBO,7.015814,53.147653
Hazelaarstraat,17,G,,9674BH,Winschoten,Oldambt,Groningen,VBO,7.015775,53.147666
Hazelaarstraat,17,H,,9674BH,Winschoten,Oldambt,Groningen,VBO,7.015663,53.147548
Hazelaarstraat,17,I,,9674BH,Winschoten,Oldambt,Groningen,VBO,7.015702,53.147536
Hazelaarstraat,17,J,,9674BH,Winschoten,Oldambt,Groningen,VBO,7.015743,53.147522
Hazelaarstraat,17,K,,9674BH,Winschoten,Oldambt,Groningen,VBO,7.015780,53.147510
Hazelaarstraat,17,L,,9674BH,Winschoten,Oldambt,Groningen,VBO,7.015820,53.147499
Hazelaarstraat,17,M,,9674BH,Winschoten,Oldambt,Groningen,VBO,7.015858,53.147485
Hazelaarstraat,17,N,,9674BH,Winschoten,Oldambt,Groningen,VBO,7.015897,53.147472
Hazelaarstraat,17,,,9674BH,Winschoten,Oldambt,Groningen,VBO,7.016106,53.147701
Hazelaarstraat,19,,,9674BH,Winschoten,Oldambt,Groningen,VBO,7.015796,53.147399
Hazelaarstraat,21,,,9674BH,Winschoten,Oldambt,Groningen,VBO,7.015794,53.147355
Hazelaarstraat,23,,,9674BH,Winschoten,Oldambt,Groningen,VBO,7.015747,53.147301
Hazelaarstraat,25,,,9674BH,Winschoten,Oldambt,Groningen,VBO,7.015686,53.147266
Hazelaarstraat,27,,,9674BH,Winschoten,Oldambt,Groningen,VBO,7.015609,53.147204
Hazelaarstraat,29,,,9674BH,Winschoten,Oldambt,Groningen,VBO,7.015577,53.147151
Hazelaarstraat,31,,,9674BH,Winschoten,Oldambt,Groningen,VBO,7.015545,53.147097
Hazelaarstraat,33,,,9674BH,Winschoten,Oldambt,Groningen,VBO,7.015499,53.147062
Hazelaarstraat,35,A,,9674BH,Winschoten,Oldambt,Groningen,VBO,7.015388,53.146931
Hazelaarstraat,35,B,,9674BH,Winschoten,Oldambt,Groningen,VBO,7.015348,53.146946
Hazelaarstraat,35,C,,9674BH,Winschoten,Oldambt,Groningen,VBO,7.015309,53.146960
Hazelaarstraat,35,D,,9674BH,Winschoten,Oldambt,Groningen,VBO,7.015270,53.146973
Hazelaarstraat,35,E,,9674BH,Winschoten,Oldambt,Groningen,VBO,7.015231,53.146985
Hazelaarstraat,35,F,,9674BH,Winschoten,Oldambt,Groningen,VBO,7.015194,53.146998
Hazelaarstraat,35,G,,9674BH,Winschoten,Oldambt,Groningen,VBO,7.015158,53.147012
Hazelaarstraat,35,H,,9674BH,Winschoten,Oldambt,Groningen,VBO,7.015044,53.146897
Hazelaarstraat,35,I,,9674BH,Winschoten,Oldambt,Groningen,VBO,7.015086,53.146885
Hazelaarstraat,35,J,,9674BH,Winschoten,Oldambt,Groningen,VBO,7.015127,53.146872
Hazelaarstraat,35,K,,9674BH,Winschoten,Oldambt,Groningen,VBO,7.015164,53.146859
Hazelaarstraat,35,L,,9674BH,Winschoten,Oldambt,Groningen,VBO,7.015202,53.146846
Hazelaarstraat,35,M,,9674BH,Winschoten,Oldambt,Groningen,VBO,7.015239,53.146832
Hazelaarstraat,35,N,,9674BH,Winschoten,Oldambt,Groningen,VBO,7.015278,53.146821
Hazelaarstraat,35,,,9674BH,Winschoten,Oldambt,Groningen,VBO,7.015452,53.147000
Hazelaarstraat,37,,,9674BJ,Winschoten,Oldambt,Groningen,VBO,7.015218,53.146733
Hazelaarstraat,39,,,9674BJ,Winschoten,Oldambt,Groningen,VBO,7.015156,53.146689
Hazelaarstraat,41,,,9674BJ,Winschoten,Oldambt,Groningen,VBO,7.015140,53.146644
Hazelaarstraat,43,,,9674BJ,Winschoten,Oldambt,Groningen,VBO,7.015078,53.146600
Hazelaarstraat,45,,,9674BJ,Winschoten,Oldambt,Groningen,VBO,7.015031,53.146547
Hazelaarstraat,47,,,9674BJ,Winschoten,Oldambt,Groningen,VBO,7.014985,53.146494
Hazelaarstraat,49,,,9674BJ,Winschoten,Oldambt,Groningen,VBO,7.014938,53.146449
Hazelaarstraat,51,,,9674BJ,Winschoten,Oldambt,Groningen,VBO,7.014906,53.146396
Hazelaarstraat,53,A,,9674BJ,Winschoten,Oldambt,Groningen,VBO,7.014762,53.146285
Hazelaarstraat,53,B,,9674BJ,Winschoten,Oldambt,Groningen,VBO,7.014724,53.146297
Hazelaarstraat,53,C,,9674BJ,Winschoten,Oldambt,Groningen,VBO,7.014689,53.146309
Hazelaarstraat,53,D,,9674BJ,Winschoten,Oldambt,Groningen,VBO,7.014650,53.146322
Hazelaarstraat,53,E,,9674BJ,Winschoten,Oldambt,Groningen,VBO,7.014618,53.146333
Hazelaarstraat,53,F,,9674BJ,Winschoten,Oldambt,Groningen,VBO,7.014581,53.146345
Hazelaarstraat,53,G,,9674BJ,Winschoten,Oldambt,Groningen,VBO,7.014546,53.146357
Hazelaarstraat,53,H,,9674BJ,Winschoten,Oldambt,Groningen,VBO,7.014505,53.146371
Hazelaarstraat,53,,,9674BJ,Winschoten,Oldambt,Groningen,VBO,7.014844,53.146343
Hazelaarstraat,55,,,9674BJ,Winschoten,Oldambt,Groningen,VBO,7.014407,53.147445
Hazelaarstraat,2,,,9674BK,Winschoten,Oldambt,Groningen,VBO,7.016876,53.147906
Hazelaarstraat,4,,,9674BK,Winschoten,Oldambt,Groningen,VBO,7.016801,53.147880
Hazelaarstraat,6,,,9674BK,Winschoten,Oldambt,Groningen,VBO,7.016753,53.147818
Hazelaarstraat,8,,,9674BK,Winschoten,Oldambt,Groningen,VBO,7.016722,53.147782
Hazelaarstraat,10,,,9674BK,Winschoten,Oldambt,Groningen,VBO,7.016646,53.147747
Hazelaarstraat,12,,,9674BK,Winschoten,Oldambt,Groningen,VBO,7.016674,53.147684
Hazelaarstraat,14,,,9674BK,Winschoten,Oldambt,Groningen,VBO,7.016238,53.147232
Hazelaarstraat,16,,,9674BK,Winschoten,Oldambt,Groningen,VBO,7.016147,53.147206
Hazelaarstraat,18,,,9674BK,Winschoten,Oldambt,Groningen,VBO,7.016116,53.147161
Hazelaarstraat,20,,,9674BK,Winschoten,Oldambt,Groningen,VBO,7.016099,53.147117
Hazelaarstraat,22,,,9674BK,Winschoten,Oldambt,Groningen,VBO,7.016052,53.147063
Hazelaarstraat,24,,,9674BK,Winschoten,Oldambt,Groningen,VBO,7.016035,53.147001
Hazelaarstraat,26,,,9674BK,Winschoten,Oldambt,Groningen,VBO,7.015600,53.146557
Hazelaarstraat,28,,,9674BK,Winschoten,Oldambt,Groningen,VBO,7.015524,53.146531
Hazelaarstraat,30,,,9674BK,Winschoten,Oldambt,Groningen,VBO,7.015493,53.146496
Hazelaarstraat,32,,,9674BK,Winschoten,Oldambt,Groningen,VBO,7.015461,53.146442
Hazelaarstraat,34,,,9674BK,Winschoten,Oldambt,Groningen,VBO,7.015414,53.146389
Hazelaarstraat,36,,,9674BK,Winschoten,Oldambt,Groningen,VBO,7.015397,53.146335
Hazelaarstraat,38,,,9674BK,Winschoten,Oldambt,Groningen,VBO,7.014835,53.146059
Hazelaarstraat,40,,,9674BK,Winschoten,Oldambt,Groningen,VBO,7.014795,53.146073
Hazelaarstraat,42,,,9674BK,Winschoten,Oldambt,Groningen,VBO,7.014760,53.146085
Hazelaarstraat,44,,,9674BK,Winschoten,Oldambt,Groningen,VBO,7.014723,53.146097
Hazelaarstraat,46,,,9674BK,Winschoten,Oldambt,Groningen,VBO,7.014688,53.146109
Hazelaarstraat,48,,,9674BK,Winschoten,Oldambt,Groningen,VBO,7.014654,53.146121
Hazelaarstraat,50,,,9674BK,Winschoten,Oldambt,Groningen,VBO,7.014617,53.146133
Hazelaarstraat,52,,,9674BK,Winschoten,Oldambt,Groningen,VBO,7.014580,53.146146
Hazelaarstraat,54,,,9674BK,Winschoten,Oldambt,Groningen,VBO,7.014544,53.146158
Hazelaarstraat,56,,,9674BK,Winschoten,Oldambt,Groningen,VBO,7.014509,53.146170
Hazelaarstraat,58,,,9674BK,Winschoten,Oldambt,Groningen,VBO,7.014474,53.146182
Hazelaarstraat,60,,,9674BK,Winschoten,Oldambt,Groningen,VBO,7.014439,53.146194
Hazelaarstraat,62,,,9674BK,Winschoten,Oldambt,Groningen,VBO,7.014401,53.146207
Hazelaarstraat,64,,,9674BK,Winschoten,Oldambt,Groningen,VBO,7.014363,53.146220
Iepenlaan,1,,,9674BL,Winschoten,Oldambt,Groningen,VBO,7.017383,53.146718
Iepenlaan,3,,,9674BL,Winschoten,Oldambt,Groningen,VBO,7.017354,53.146687
Iepenlaan,5,,,9674BL,Winschoten,Oldambt,Groningen,VBO,7.017325,53.146655
Iepenlaan,7,,,9674BL,Winschoten,Oldambt,Groningen,VBO,7.017295,53.146743
Iepenlaan,9,,,9674BL,Winschoten,Oldambt,Groningen,VBO,7.017265,53.146710
Iepenlaan,11,,,9674BL,Winschoten,Oldambt,Groningen,VBO,7.017243,53.146684
Iepenlaan,13,,,9674BL,Winschoten,Oldambt,Groningen,VBO,7.017176,53.146780
Iepenlaan,15,,,9674BL,Winschoten,Oldambt,Groningen,VBO,7.017152,53.146751
Iepenlaan,17,,,9674BL,Winschoten,Oldambt,Groningen,VBO,7.017126,53.146724
Iepenlaan,19,,,9674BL,Winschoten,Oldambt,Groningen,VBO,7.017095,53.146804
Iepenlaan,21,,,9674BL,Winschoten,Oldambt,Groningen,VBO,7.017072,53.146778
Iepenlaan,23,,,9674BL,Winschoten,Oldambt,Groningen,VBO,7.017042,53.146748
Iepenlaan,25,,,9674BL,Winschoten,Oldambt,Groningen,VBO,7.016956,53.146857
Iepenlaan,27,,,9674BL,Winschoten,Oldambt,Groningen,VBO,7.016925,53.146827
Iepenlaan,29,,,9674BL,Winschoten,Oldambt,Groningen,VBO,7.016896,53.146801
Iepenlaan,31,,,9674BL,Winschoten,Oldambt,Groningen,VBO,7.016884,53.146878
Iepenlaan,33,,,9674BL,Winschoten,Oldambt,Groningen,VBO,7.016847,53.146848
Iepenlaan,35,,,9674BL,Winschoten,Oldambt,Groningen,VBO,7.016822,53.146823
Iepenlaan,37,,,9674BL,Winschoten,Oldambt,Groningen,VBO,7.016404,53.146879
Iepenlaan,39,,,9674BL,Winschoten,Oldambt,Groningen,VBO,7.016421,53.146933
Iepenlaan,41,,,9674BL,Winschoten,Oldambt,Groningen,VBO,7.016468,53.146986
Iepenlaan,43,,,9674BL,Winschoten,Oldambt,Groningen,VBO,7.016500,53.147039
Iepenlaan,45,,,9674BL,Winschoten,Oldambt,Groningen,VBO,7.016561,53.147074
Iepenlaan,47,,,9674BL,Winschoten,Oldambt,Groningen,VBO,7.016622,53.147101
Iepenlaan,2,,,9674BM,Winschoten,Oldambt,Groningen,VBO,7.017094,53.146374
Iepenlaan,4,,,9674BM,Winschoten,Oldambt,Groningen,VBO,7.017074,53.146348
Iepenlaan,6,,,9674BM,Winschoten,Oldambt,Groningen,VBO,7.017047,53.146327
Iepenlaan,8,,,9674BM,Winschoten,Oldambt,Groningen,VBO,7.016994,53.146404
Iepenlaan,10,,,9674BM,Winschoten,Oldambt,Groningen,VBO,7.016980,53.146383
Iepenlaan,12,,,9674BM,Winschoten,Oldambt,Groningen,VBO,7.016958,53.146355
Iepenlaan,14,,,9674BM,Winschoten,Oldambt,Groningen,VBO,7.016878,53.146454
Iepenlaan,16,,,9674BM,Winschoten,Oldambt,Groningen,VBO,7.016854,53.146425
Iepenlaan,18,,,9674BM,Winschoten,Oldambt,Groningen,VBO,7.016829,53.146397
Iepenlaan,20,,,9674BM,Winschoten,Oldambt,Groningen,VBO,7.016767,53.146492
Iepenlaan,22,,,9674BM,Winschoten,Oldambt,Groningen,VBO,7.016744,53.146466
Iepenlaan,24,,,9674BM,Winschoten,Oldambt,Groningen,VBO,7.016720,53.146437
Iepenlaan,26,,,9674BM,Winschoten,Oldambt,Groningen,VBO,7.016669,53.146525
Iepenlaan,28,,,9674BM,Winschoten,Oldambt,Groningen,VBO,7.016645,53.146497
Iepenlaan,30,,,9674BM,Winschoten,Oldambt,Groningen,VBO,7.016615,53.146469
Iepenlaan,32,,,9674BM,Winschoten,Oldambt,Groningen,VBO,7.016594,53.146548
Iepenlaan,34,,,9674BM,Winschoten,Oldambt,Groningen,VBO,7.016564,53.146521
Iepenlaan,36,,,9674BM,Winschoten,Oldambt,Groningen,VBO,7.016539,53.146497
Iepenlaan,38,,,9674BN,Winschoten,Oldambt,Groningen,VBO,7.016294,53.146683
Iepenlaan,40,,,9674BN,Winschoten,Oldambt,Groningen,VBO,7.016218,53.146704
Iepenlaan,42,,,9674BN,Winschoten,Oldambt,Groningen,VBO,7.016133,53.146731
Iepenlaan,44,,,9674BN,Winschoten,Oldambt,Groningen,VBO,7.016053,53.146760
Iepenlaan,46,,,9674BN,Winschoten,Oldambt,Groningen,VBO,7.015978,53.146786
Iepenlaan,48,,,9674BN,Winschoten,Oldambt,Groningen,VBO,7.015893,53.146809
Iepenlaan,50,,,9674BN,Winschoten,Oldambt,Groningen,VBO,7.015809,53.146830
Iepenlaan,52,,,9674BN,Winschoten,Oldambt,Groningen,VBO,7.015730,53.146852
Elzenlaan,1,,,9674BP,Winschoten,Oldambt,Groningen,VBO,7.017382,53.147450
Elzenlaan,3,,,9674BP,Winschoten,Oldambt,Groningen,VBO,7.017399,53.147494
Elzenlaan,5,,,9674BP,Winschoten,Oldambt,Groningen,VBO,7.017447,53.147566
Elzenlaan,7,,,9674BP,Winschoten,Oldambt,Groningen,VBO,7.017478,53.147619
Elzenlaan,9,,,9674BP,Winschoten,Oldambt,Groningen,VBO,7.017525,53.147655
Elzenlaan,11,,,9674BP,Winschoten,Oldambt,Groningen,VBO,7.017602,53.147716
Elzenlaan,13,,,9674BP,Winschoten,Oldambt,Groningen,VBO,7.017633,53.147752
Elzenlaan,15,,,9674BP,Winschoten,Oldambt,Groningen,VBO,7.017694,53.147796
Elzenlaan,17,,,9674BP,Winschoten,Oldambt,Groningen,VBO,7.017042,53.147553
Elzenlaan,19,,,9674BP,Winschoten,Oldambt,Groningen,VBO,7.017059,53.147607
Elzenlaan,21,,,9674BP,Winschoten,Oldambt,Groningen,VBO,7.017106,53.147651
Elzenlaan,23,,,9674BP,Winschoten,Oldambt,Groningen,VBO,7.017152,53.147696
Elzenlaan,25,,,9674BP,Winschoten,Oldambt,Groningen,VBO,7.017184,53.147740
Elzenlaan,27,,,9674BP,Winschoten,Oldambt,Groningen,VBO,7.017245,53.147775
Elzenlaan,2,,,9674BR,Winschoten,Oldambt,Groningen,VBO,7.017727,53.147068
Elzenlaan,4,,,9674BR,Winschoten,Oldambt,Groningen,VBO,7.017654,53.147114
Elzenlaan,6,,,9674BR,Winschoten,Oldambt,Groningen,VBO,7.017580,53.147133
Elzenlaan,8,,,9674BR,Winschoten,Oldambt,Groningen,VBO,7.017506,53.147160
Elzenlaan,10,,,9674BR,Winschoten,Oldambt,Groningen,VBO,7.017417,53.147189
Elzenlaan,12,,,9674BR,Winschoten,Oldambt,Groningen,VBO,7.017329,53.147217
Elzenlaan,14,,,9674BR,Winschoten,Oldambt,Groningen,VBO,7.017225,53.147245
Elzenlaan,16,,,9674BR,Winschoten,Oldambt,Groningen,VBO,7.017137,53.147273
Elzenlaan,18,,,9674BR,Winschoten,Oldambt,Groningen,VBO,7.016885,53.147349
Elzenlaan,20,,,9674BR,Winschoten,Oldambt,Groningen,VBO,7.016812,53.147377
Elzenlaan,22,,,9674BR,Winschoten,Oldambt,Groningen,VBO,7.016738,53.147405
Elzenlaan,24,,,9674BR,Winschoten,Oldambt,Groningen,VBO,7.016665,53.147442
Elzenlaan,26,,,9674BR,Winschoten,Oldambt,Groningen,VBO,7.016591,53.147461
Elzenlaan,28,,,9674BR,Winschoten,Oldambt,Groningen,VBO,7.016502,53.147480
Elzenlaan,30,,,9674BR,Winschoten,Oldambt,Groningen,VBO,7.016458,53.147507
Elzenlaan,32,,,9674BR,Winschoten,Oldambt,Groningen,VBO,7.016399,53.147526
Lijsterbeslaan,1,,,9674BS,Winschoten,Oldambt,Groningen,VBO,7.018167,53.147637
Lijsterbeslaan,3,,,9674BS,Winschoten,Oldambt,Groningen,VBO,7.018150,53.147601
Lijsterbeslaan,5,,,9674BS,Winschoten,Oldambt,Groningen,VBO,7.018103,53.147539
Lijsterbeslaan,7,,,9674BS,Winschoten,Oldambt,Groningen,VBO,7.018027,53.147486
Lijsterbeslaan,9,,,9674BS,Winschoten,Oldambt,Groningen,VBO,7.017995,53.147432
Lijsterbeslaan,11,,,9674BS,Winschoten,Oldambt,Groningen,VBO,7.017963,53.147388
Lijsterbeslaan,13,,,9674BS,Winschoten,Oldambt,Groningen,VBO,7.017886,53.147326
Lijsterbeslaan,15,,,9674BS,Winschoten,Oldambt,Groningen,VBO,7.017839,53.147282
Lijsterbeslaan,17,,,9674BS,Winschoten,Oldambt,Groningen,VBO,7.017654,53.146938
Lijsterbeslaan,19,,,9674BS,Winschoten,Oldambt,Groningen,VBO,7.017613,53.146952
Lijsterbeslaan,21,,,9674BS,Winschoten,Oldambt,Groningen,VBO,7.017575,53.146965
Lijsterbeslaan,23,,,9674BS,Winschoten,Oldambt,Groningen,VBO,7.017533,53.146979
Lijsterbeslaan,25,,,9674BS,Winschoten,Oldambt,Groningen,VBO,7.017380,53.147030
Lijsterbeslaan,27,,,9674BS,Winschoten,Oldambt,Groningen,VBO,7.016957,53.147018
Lijsterbeslaan,29,,,9674BS,Winschoten,Oldambt,Groningen,VBO,7.016999,53.147004
Lijsterbeslaan,31,,,9674BS,Winschoten,Oldambt,Groningen,VBO,7.017037,53.146991
Lijsterbeslaan,33,,,9674BS,Winschoten,Oldambt,Groningen,VBO,7.017075,53.146978
Lijsterbeslaan,35,,,9674BS,Winschoten,Oldambt,Groningen,VBO,7.017113,53.146966
Lijsterbeslaan,37,,,9674BS,Winschoten,Oldambt,Groningen,VBO,7.017152,53.146952
Lijsterbeslaan,39,,,9674BS,Winschoten,Oldambt,Groningen,VBO,7.017192,53.146939
Lijsterbeslaan,41,,,9674BS,Winschoten,Oldambt,Groningen,VBO,7.017228,53.146927
Lijsterbeslaan,43,,,9674BS,Winschoten,Oldambt,Groningen,VBO,7.017267,53.146913
Lijsterbeslaan,45,,,9674BS,Winschoten,Oldambt,Groningen,VBO,7.017307,53.146900
Lijsterbeslaan,47,,,9674BS,Winschoten,Oldambt,Groningen,VBO,7.017344,53.146887
Lijsterbeslaan,49,,,9674BS,Winschoten,Oldambt,Groningen,VBO,7.017384,53.146874
Lijsterbeslaan,51,,,9674BS,Winschoten,Oldambt,Groningen,VBO,7.017423,53.146860
Lijsterbeslaan,53,,,9674BS,Winschoten,Oldambt,Groningen,VBO,7.017465,53.146846
Lijsterbeslaan,55,,,9674BS,Winschoten,Oldambt,Groningen,VBO,7.017500,53.146834
Lijsterbeslaan,57,,,9674BS,Winschoten,Oldambt,Groningen,VBO,7.017542,53.146820
Lijsterbeslaan,59,,,9674BS,Winschoten,Oldambt,Groningen,VBO,7.017494,53.146992
Lijsterbeslaan,61,,,9674BS,Winschoten,Oldambt,Groningen,VBO,7.017454,53.147005
Lijsterbeslaan,63,,,9674BS,Winschoten,Oldambt,Groningen,VBO,7.017415,53.147018
Lijsterbeslaan,65,,,9674BS,Winschoten,Oldambt,Groningen,VBO,7.017340,53.147043
Lijsterbeslaan,67,,,9674BS,Winschoten,Oldambt,Groningen,VBO,7.017300,53.147057
Lijsterbeslaan,69,,,9674BS,Winschoten,Oldambt,Groningen,VBO,7.017262,53.147069
Lijsterbeslaan,71,,,9674BS,Winschoten,Oldambt,Groningen,VBO,7.017225,53.147082
Lijsterbeslaan,73,,,9674BS,Winschoten,Oldambt,Groningen,VBO,7.017187,53.147094
Lijsterbeslaan,75,,,9674BS,Winschoten,Oldambt,Groningen,VBO,7.017143,53.147109
Lijsterbeslaan,77,,,9674BS,Winschoten,Oldambt,Groningen,VBO,7.017109,53.147121
Lijsterbeslaan,79,,,9674BS,Winschoten,Oldambt,Groningen,VBO,7.017067,53.147135
Lijsterbeslaan,2,,,9674BT,Winschoten,Oldambt,Groningen,VBO,7.018544,53.147344
Lijsterbeslaan,4,,,9674BT,Winschoten,Oldambt,Groningen,VBO,7.018483,53.147300
Lijsterbeslaan,6,,,9674BT,Winschoten,Oldambt,Groningen,VBO,7.018436,53.147238
Lijsterbeslaan,8,,,9674BT,Winschoten,Oldambt,Groningen,VBO,7.018389,53.147184
Lijsterbeslaan,10,,,9674BT,Winschoten,Oldambt,Groningen,VBO,7.018343,53.147149
Lijsterbeslaan,12,,,9674BT,Winschoten,Oldambt,Groningen,VBO,7.018281,53.147087
Lijsterbeslaan,14,,,9674BT,Winschoten,Oldambt,Groningen,VBO,7.018249,53.147034
Lijsterbeslaan,16,,,9674BT,Winschoten,Oldambt,Groningen,VBO,7.018138,53.146873
Lijsterbeslaan,18,,,9674BT,Winschoten,Oldambt,Groningen,VBO,7.018091,53.146820
Lijsterbeslaan,20,,,9674BT,Winschoten,Oldambt,Groningen,VBO,7.018044,53.146758
Lijsterbeslaan,22,,,9674BT,Winschoten,Oldambt,Groningen,VBO,7.018012,53.146713
Lijsterbeslaan,24,,,9674BT,Winschoten,Oldambt,Groningen,VBO,7.017980,53.146651
Lijsterbeslaan,26,,,9674BT,Winschoten,Oldambt,Groningen,VBO,7.017903,53.146598
Lijsterbeslaan,28,,,9674BT,Winschoten,Oldambt,Groningen,VBO,7.017842,53.146563
Lijsterbeslaan,30,,,9674BT,Winschoten,Oldambt,Groningen,VBO,7.017763,53.146447
Lijsterbeslaan,32,,,9674BT,Winschoten,Oldambt,Groningen,VBO,7.017716,53.146394
Lijsterbeslaan,34,,,9674BT,Winschoten,Oldambt,Groningen,VBO,7.017669,53.146340
Lijsterbeslaan,36,,,9674BT,Winschoten,Oldambt,Groningen,VBO,7.017608,53.146287
Lijsterbeslaan,38,,,9674BT,Winschoten,Oldambt,Groningen,VBO,7.017561,53.146234
Lijsterbeslaan,40,,,9674BT,Winschoten,Oldambt,Groningen,VBO,7.017499,53.146190
Lijsterbeslaan,42,,,9674BT,Winschoten,Oldambt,Groningen,VBO,7.017453,53.146137
Lindelaan,1,,,9674BV,Winschoten,Oldambt,Groningen,VBO,7.019017,53.147185
Lindelaan,3,,,9674BV,Winschoten,Oldambt,Groningen,VBO,7.018985,53.147140
Lindelaan,5,,,9674BV,Winschoten,Oldambt,Groningen,VBO,7.018924,53.147096
Lindelaan,7,,,9674BV,Winschoten,Oldambt,Groningen,VBO,7.018877,53.147034
Lindelaan,9,,,9674BV,Winschoten,Oldambt,Groningen,VBO,7.018815,53.146990
Lindelaan,11,,,9674BV,Winschoten,Oldambt,Groningen,VBO,7.018783,53.146936
Lindelaan,13,,,9674BV,Winschoten,Oldambt,Groningen,VBO,7.018752,53.146901
Lindelaan,15,,,9674BV,Winschoten,Oldambt,Groningen,VBO,7.018690,53.146857
Lindelaan,17,,,9674BV,Winschoten,Oldambt,Groningen,VBO,7.018641,53.146723
Lindelaan,19,,,9674BV,Winschoten,Oldambt,Groningen,VBO,7.018579,53.146688
Lindelaan,21,,,9674BV,Winschoten,Oldambt,Groningen,VBO,7.018533,53.146643
Lindelaan,23,,,9674BV,Winschoten,Oldambt,Groningen,VBO,7.018516,53.146590
Lindelaan,25,,,9674BV,Winschoten,Oldambt,Groningen,VBO,7.018469,53.146536
Lindelaan,27,,,9674BV,Winschoten,Oldambt,Groningen,VBO,7.018408,53.146492
Lindelaan,29,,,9674BV,Winschoten,Oldambt,Groningen,VBO,7.018361,53.146448
Lindelaan,37,,,9674BV,Winschoten,Oldambt,Groningen,VBO,7.018128,53.146199
Lindelaan,39,,,9674BV,Winschoten,Oldambt,Groningen,VBO,7.018081,53.146155
Lindelaan,41,,,9674BV,Winschoten,Oldambt,Groningen,VBO,7.018020,53.146111
Lindelaan,43,,,9674BV,Winschoten,Oldambt,Groningen,VBO,7.017987,53.146048
Lindelaan,45,,,9674BV,Winschoten,Oldambt,Groningen,VBO,7.017941,53.146004
Lindelaan,47,,,9674BV,Winschoten,Oldambt,Groningen,VBO,7.017909,53.145951
Lindelaan,2,,,9674BW,Winschoten,Oldambt,Groningen,VBO,7.019371,53.147072
Lindelaan,4,,,9674BW,Winschoten,Oldambt,Groningen,VBO,7.019325,53.147028
Lindelaan,6,,,9674BW,Winschoten,Oldambt,Groningen,VBO,7.019278,53.146984
Lindelaan,8,,,9674BW,Winschoten,Oldambt,Groningen,VBO,7.019217,53.146939
Lindelaan,10,,,9674BW,Winschoten,Oldambt,Groningen,VBO,7.019173,53.146878
Lindelaan,12,,,9674BW,Winschoten,Oldambt,Groningen,VBO,7.019136,53.146834
Lindelaan,14,,,9674BW,Winschoten,Oldambt,Groningen,VBO,7.019095,53.146786
Lindelaan,16,,,9674BW,Winschoten,Oldambt,Groningen,VBO,7.019050,53.146733
Lindelaan,18,,,9674BW,Winschoten,Oldambt,Groningen,VBO,7.018995,53.146601
Lindelaan,20,,,9674BW,Winschoten,Oldambt,Groningen,VBO,7.018949,53.146566
Lindelaan,22,,,9674BW,Winschoten,Oldambt,Groningen,VBO,7.018872,53.146513
Lindelaan,24,,,9674BW,Winschoten,Oldambt,Groningen,VBO,7.018841,53.146477
Lindelaan,26,,,9674BW,Winschoten,Oldambt,Groningen,VBO,7.018809,53.146433
Lindelaan,28,,,9674BW,Winschoten,Oldambt,Groningen,VBO,7.018747,53.146380
Lindelaan,30,,,9674BW,Winschoten,Oldambt,Groningen,VBO,7.018685,53.146318
Lindelaan,32,,,9674BW,Winschoten,Oldambt,Groningen,VBO,7.018668,53.146264
Lindelaan,34,,,9674BW,Winschoten,Oldambt,Groningen,VBO,7.018575,53.146166
Lindelaan,36,,,9674BW,Winschoten,Oldambt,Groningen,VBO,7.018529,53.146131
Lindelaan,38,,,9674BW,Winschoten,Oldambt,Groningen,VBO,7.018497,53.146086
Lindelaan,40,,,9674BW,Winschoten,Oldambt,Groningen,VBO,7.018420,53.146034
Lindelaan,42,,,9674BW,Winschoten,Oldambt,Groningen,VBO,7.018389,53.145989
Lindelaan,44,,,9674BW,Winschoten,Oldambt,Groningen,VBO,7.018342,53.145945
Lindelaan,46,,,9674BW,Winschoten,Oldambt,Groningen,VBO,7.018310,53.145891
Lindelaan,48,,,9674BW,Winschoten,Oldambt,Groningen,VBO,7.018263,53.145829
Eikenlaan,1,,,9674BX,Winschoten,Oldambt,Groningen,VBO,7.019829,53.146913
Eikenlaan,3,,,9674BX,Winschoten,Oldambt,Groningen,VBO,7.019782,53.146869
Eikenlaan,5,,,9674BX,Winschoten,Oldambt,Groningen,VBO,7.019751,53.146833
Eikenlaan,7,,,9674BX,Winschoten,Oldambt,Groningen,VBO,7.019704,53.146771
Eikenlaan,9,,,9674BX,Winschoten,Oldambt,Groningen,VBO,7.019657,53.146718
Eikenlaan,11,,,9674BX,Winschoten,Oldambt,Groningen,VBO,7.019595,53.146656
Eikenlaan,13,,,9674BX,Winschoten,Oldambt,Groningen,VBO,7.019578,53.146620
Eikenlaan,15,,,9674BX,Winschoten,Oldambt,Groningen,VBO,7.019517,53.146576
Eikenlaan,17,,,9674BX,Winschoten,Oldambt,Groningen,VBO,7.019467,53.146442
Eikenlaan,19,,,9674BX,Winschoten,Oldambt,Groningen,VBO,7.019421,53.146415
Eikenlaan,21,,,9674BX,Winschoten,Oldambt,Groningen,VBO,7.019359,53.146353
Eikenlaan,23,,,9674BX,Winschoten,Oldambt,Groningen,VBO,7.019328,53.146318
Eikenlaan,25,,,9674BX,Winschoten,Oldambt,Groningen,VBO,7.019281,53.146256
Eikenlaan,27,,,9674BX,Winschoten,Oldambt,Groningen,VBO,7.019234,53.146211
Eikenlaan,29,,,9674BX,Winschoten,Oldambt,Groningen,VBO,7.019158,53.146167
Eikenlaan,31,,,9674BX,Winschoten,Oldambt,Groningen,VBO,7.019141,53.146105
Eikenlaan,33,,,9674BX,Winschoten,Oldambt,Groningen,VBO,7.019047,53.146007
Eikenlaan,35,,,9674BX,Winschoten,Oldambt,Groningen,VBO,7.019016,53.145972
Eikenlaan,37,,,9674BX,Winschoten,Oldambt,Groningen,VBO,7.018954,53.145918
Eikenlaan,39,,,9674BX,Winschoten,Oldambt,Groningen,VBO,7.018908,53.145874
Eikenlaan,41,,,9674BX,Winschoten,Oldambt,Groningen,VBO,7.018861,53.145830
Eikenlaan,43,,,9674BX,Winschoten,Oldambt,Groningen,VBO,7.018799,53.145777
Eikenlaan,45,,,9674BX,Winschoten,Oldambt,Groningen,VBO,7.018752,53.145724
Eikenlaan,47,,,9674BX,Winschoten,Oldambt,Groningen,VBO,7.018751,53.145679
Eikenlaan,4,,,9674BZ,Winschoten,Oldambt,Groningen,VBO,7.020167,53.146774
Eikenlaan,6,,,9674BZ,Winschoten,Oldambt,Groningen,VBO,7.020136,53.146738
Eikenlaan,8,,,9674BZ,Winschoten,Oldambt,Groningen,VBO,7.020090,53.146694
Eikenlaan,10,,,9674BZ,Winschoten,Oldambt,Groningen,VBO,7.020043,53.146650
Eikenlaan,12,,,9674BZ,Winschoten,Oldambt,Groningen,VBO,7.020011,53.146596
Eikenlaan,14,,,9674BZ,Winschoten,Oldambt,Groningen,VBO,7.019950,53.146552
Eikenlaan,16,,,9674BZ,Winschoten,Oldambt,Groningen,VBO,7.019918,53.146499
Eikenlaan,18,,,9674BZ,Winschoten,Oldambt,Groningen,VBO,7.019774,53.146267
Eikenlaan,20,,,9674BZ,Winschoten,Oldambt,Groningen,VBO,7.019698,53.146232
Eikenlaan,22,,,9674BZ,Winschoten,Oldambt,Groningen,VBO,7.019667,53.146187
Eikenlaan,24,,,9674BZ,Winschoten,Oldambt,Groningen,VBO,7.019635,53.146134
Eikenlaan,26,,,9674BZ,Winschoten,Oldambt,Groningen,VBO,7.019573,53.146090
Eikenlaan,28,,,9674BZ,Winschoten,Oldambt,Groningen,VBO,7.019542,53.146036
Eikenlaan,30,,,9674BZ,Winschoten,Oldambt,Groningen,VBO,7.019480,53.145983
Eikenlaan,32,,,9674BZ,Winschoten,Oldambt,Groningen,VBO,7.019447,53.145921
Eikenlaan,34,,,9674BZ,Winschoten,Oldambt,Groningen,VBO,7.019354,53.145832
Eikenlaan,36,,,9674BZ,Winschoten,Oldambt,Groningen,VBO,7.019293,53.145797
Eikenlaan,38,,,9674BZ,Winschoten,Oldambt,Groningen,VBO,7.019246,53.145744
Eikenlaan,40,,,9674BZ,Winschoten,Oldambt,Groningen,VBO,7.019200,53.145699
Eikenlaan,42,,,9674BZ,Winschoten,Oldambt,Groningen,VBO,7.019169,53.145664
Eikenlaan,44,,,9674BZ,Winschoten,Oldambt,Groningen,VBO,7.019122,53.145620
Eikenlaan,46,,,9674BZ,Winschoten,Oldambt,Groningen,VBO,7.019090,53.145548
Beukenlaan,1,,,9674CA,Winschoten,Oldambt,Groningen,VBO,7.018713,53.147468
Beukenlaan,3,,,9674CA,Winschoten,Oldambt,Groningen,VBO,7.018787,53.147431
Beukenlaan,5,,,9674CA,Winschoten,Oldambt,Groningen,VBO,7.018861,53.147412
Beukenlaan,7,,,9674CA,Winschoten,Oldambt,Groningen,VBO,7.018964,53.147383
Beukenlaan,9,,,9674CA,Winschoten,Oldambt,Groningen,VBO,7.019053,53.147364
Beukenlaan,11,,,9674CA,Winschoten,Oldambt,Groningen,VBO,7.019157,53.147327
Beukenlaan,13,,,9674CA,Winschoten,Oldambt,Groningen,VBO,7.019540,53.147187
Beukenlaan,15,,,9674CA,Winschoten,Oldambt,Groningen,VBO,7.019644,53.147167
Beukenlaan,17,,,9674CA,Winschoten,Oldambt,Groningen,VBO,7.019732,53.147130
Beukenlaan,19,,,9674CA,Winschoten,Oldambt,Groningen,VBO,7.019821,53.147111
Beukenlaan,21,,,9674CA,Winschoten,Oldambt,Groningen,VBO,7.019910,53.147083
Beukenlaan,23,,,9674CA,Winschoten,Oldambt,Groningen,VBO,7.019999,53.147064
Beukenlaan,29,,,9674CA,Winschoten,Oldambt,Groningen,VBO,7.020337,53.146915
Beukenlaan,31,,,9674CA,Winschoten,Oldambt,Groningen,VBO,7.020441,53.146896
Beukenlaan,33,,,9674CA,Winschoten,Oldambt,Groningen,VBO,7.020544,53.146858
Beukenlaan,35,,,9674CA,Winschoten,Oldambt,Groningen,VBO,7.020624,53.146861
Beukenlaan,39,,,9674CA,Winschoten,Oldambt,Groningen,VBO,7.020551,53.146643
Beukenlaan,41,,,9674CA,Winschoten,Oldambt,Groningen,VBO,7.020520,53.146607
Beukenlaan,43,,,9674CB,Winschoten,Oldambt,Groningen,VBO,7.020488,53.146563
Beukenlaan,45,,,9674CB,Winschoten,Oldambt,Groningen,VBO,7.020479,53.146496
Beukenlaan,47,,,9674CB,Winschoten,Oldambt,Groningen,VBO,7.020469,53.146452
Beukenlaan,49,,,9674CB,Winschoten,Oldambt,Groningen,VBO,7.020426,53.146396
Beukenlaan,51,,,9674CB,Winschoten,Oldambt,Groningen,VBO,7.020360,53.146340
Beukenlaan,53,,,9674CB,Winschoten,Oldambt,Groningen,VBO,7.020232,53.146099
Beukenlaan,55,,,9674CB,Winschoten,Oldambt,Groningen,VBO,7.020186,53.146072
Beukenlaan,57,,,9674CB,Winschoten,Oldambt,Groningen,VBO,7.020124,53.146028
Beukenlaan,59,,,9674CB,Winschoten,Oldambt,Groningen,VBO,7.020077,53.145966
Beukenlaan,61,,,9674CB,Winschoten,Oldambt,Groningen,VBO,7.020030,53.145913
Beukenlaan,63,,,9674CB,Winschoten,Oldambt,Groningen,VBO,7.019999,53.145868
Beukenlaan,65,,,9674CB,Winschoten,Oldambt,Groningen,VBO,7.019937,53.145815
Beukenlaan,67,,,9674CB,Winschoten,Oldambt,Groningen,VBO,7.019920,53.145771
Beukenlaan,69,,,9674CB,Winschoten,Oldambt,Groningen,VBO,7.019842,53.145673
Beukenlaan,71,,,9674CB,Winschoten,Oldambt,Groningen,VBO,7.019781,53.145638
Beukenlaan,73,,,9674CB,Winschoten,Oldambt,Groningen,VBO,7.019734,53.145584
Beukenlaan,75,,,9674CB,Winschoten,Oldambt,Groningen,VBO,7.019687,53.145540
Beukenlaan,77,,,9674CB,Winschoten,Oldambt,Groningen,VBO,7.019640,53.145487
Beukenlaan,79,,,9674CB,Winschoten,Oldambt,Groningen,VBO,7.019594,53.145451
Beukenlaan,81,,,9674CB,Winschoten,Oldambt,Groningen,VBO,7.019577,53.145398
Beukenlaan,2,,,9674CC,Winschoten,Oldambt,Groningen,VBO,7.018871,53.147690
Beukenlaan,4,,,9674CC,Winschoten,Oldambt,Groningen,VBO,7.018930,53.147662
Beukenlaan,6,,,9674CC,Winschoten,Oldambt,Groningen,VBO,7.019122,53.147606
Beukenlaan,8,,,9674CC,Winschoten,Oldambt,Groningen,VBO,7.019196,53.147578
Beukenlaan,10,,,9674CC,Winschoten,Oldambt,Groningen,VBO,7.019359,53.147531
Beukenlaan,12,,,9674CC,Winschoten,Oldambt,Groningen,VBO,7.019447,53.147503
Beukenlaan,14,,,9674CC,Winschoten,Oldambt,Groningen,VBO,7.019595,53.147447
Beukenlaan,16,,,9674CC,Winschoten,Oldambt,Groningen,VBO,7.019684,53.147427
Beukenlaan,18,,,9674CC,Winschoten,Oldambt,Groningen,VBO,7.019831,53.147371
Beukenlaan,20,,,9674CC,Winschoten,Oldambt,Groningen,VBO,7.019920,53.147352
Beukenlaan,22,,,9674CC,Winschoten,Oldambt,Groningen,VBO,7.020053,53.147315
Beukenlaan,24,,,9674CC,Winschoten,Oldambt,Groningen,VBO,7.020142,53.147286
Beukenlaan,26,,,9674CC,Winschoten,Oldambt,Groningen,VBO,7.020320,53.147257
Beukenlaan,28,,,9674CC,Winschoten,Oldambt,Groningen,VBO,7.020408,53.147220
Beukenlaan,30,,,9674CC,Winschoten,Oldambt,Groningen,VBO,7.020497,53.147192
Beukenlaan,32,,,9674CC,Winschoten,Oldambt,Groningen,VBO,7.020601,53.147163
Beukenlaan,34,,,9674CC,Winschoten,Oldambt,Groningen,VBO,7.020689,53.147126
Beukenlaan,36,,,9674CC,Winschoten,Oldambt,Groningen,VBO,7.020762,53.147089
Beukenlaan,38,,,9674CC,Winschoten,Oldambt,Groningen,VBO,7.020866,53.147079
Beukenlaan,40,,,9674CC,Winschoten,Oldambt,Groningen,VBO,7.021340,53.146964
Beukenlaan,42,,,9674CC,Winschoten,Oldambt,Groningen,VBO,7.021533,53.146521
Beukenlaan,44,,,9674CD,Winschoten,Oldambt,Groningen,VBO,7.020478,53.145907
Beukenlaan,46,,,9674CD,Winschoten,Oldambt,Groningen,VBO,7.020432,53.145871
Beukenlaan,48,,,9674CD,Winschoten,Oldambt,Groningen,VBO,7.020386,53.145827
Beukenlaan,50,,,9674CD,Winschoten,Oldambt,Groningen,VBO,7.020339,53.145783
Beukenlaan,52,,,9674CD,Winschoten,Oldambt,Groningen,VBO,7.020307,53.145729
Beukenlaan,54,,,9674CD,Winschoten,Oldambt,Groningen,VBO,7.020245,53.145676
Beukenlaan,56,,,9674CD,Winschoten,Oldambt,Groningen,VBO,7.020167,53.145587
Beukenlaan,58,,,9674CD,Winschoten,Oldambt,Groningen,VBO,7.020136,53.145543
Beukenlaan,60,,,9674CD,Winschoten,Oldambt,Groningen,VBO,7.020089,53.145499
Beukenlaan,62,,,9674CD,Winschoten,Oldambt,Groningen,VBO,7.020028,53.145446
Beukenlaan,64,,,9674CD,Winschoten,Oldambt,Groningen,VBO,7.019981,53.145392
Beukenlaan,66,,,9674CD,Winschoten,Oldambt,Groningen,VBO,7.019934,53.145348
Beukenlaan,68,,,9674CD,Winschoten,Oldambt,Groningen,VBO,7.019903,53.145312
Esdoornlaan,1,,,9674CE,Winschoten,Oldambt,Groningen,VBO,7.020980,53.145738
Esdoornlaan,3,,,9674CE,Winschoten,Oldambt,Groningen,VBO,7.020934,53.145694
Esdoornlaan,5,,,9674CE,Winschoten,Oldambt,Groningen,VBO,7.020887,53.145649
Esdoornlaan,7,,,9674CE,Winschoten,Oldambt,Groningen,VBO,7.020841,53.145605
Esdoornlaan,9,,,9674CE,Winschoten,Oldambt,Groningen,VBO,7.020794,53.145552
Esdoornlaan,11,,,9674CE,Winschoten,Oldambt,Groningen,VBO,7.020762,53.145507
Esdoornlaan,13,,,9674CE,Winschoten,Oldambt,Groningen,VBO,7.020669,53.145410
Esdoornlaan,15,,,9674CE,Winschoten,Oldambt,Groningen,VBO,7.020622,53.145365
Esdoornlaan,17,,,9674CE,Winschoten,Oldambt,Groningen,VBO,7.020561,53.145321
Esdoornlaan,19,,,9674CE,Winschoten,Oldambt,Groningen,VBO,7.020529,53.145268
Esdoornlaan,21,,,9674CE,Winschoten,Oldambt,Groningen,VBO,7.020483,53.145224
Esdoornlaan,23,,,9674CE,Winschoten,Oldambt,Groningen,VBO,7.020451,53.145179
Esdoornlaan,25,,,9674CE,Winschoten,Oldambt,Groningen,VBO,7.020404,53.145135
Esdoornlaan,2,,,9674CG,Winschoten,Oldambt,Groningen,VBO,7.021928,53.146335
Esdoornlaan,4,,,9674CG,Winschoten,Oldambt,Groningen,VBO,7.021871,53.146275
Esdoornlaan,6,,,9674CG,Winschoten,Oldambt,Groningen,VBO,7.021831,53.146225
Esdoornlaan,8,,,9674CG,Winschoten,Oldambt,Groningen,VBO,7.021774,53.146172
Esdoornlaan,10,,,9674CG,Winschoten,Oldambt,Groningen,VBO,7.021723,53.146119
Esdoornlaan,12,,,9674CG,Winschoten,Oldambt,Groningen,VBO,7.021677,53.146066
Esdoornlaan,14,,,9674CG,Winschoten,Oldambt,Groningen,VBO,7.021628,53.146006
Esdoornlaan,16,,,9674CG,Winschoten,Oldambt,Groningen,VBO,7.021475,53.145776
Esdoornlaan,18,,,9674CG,Winschoten,Oldambt,Groningen,VBO,7.021413,53.145714
Esdoornlaan,20,,,9674CG,Winschoten,Oldambt,Groningen,VBO,7.021382,53.145679
Esdoornlaan,22,,,9674CG,Winschoten,Oldambt,Groningen,VBO,7.021319,53.145617
Esdoornlaan,24,,,9674CG,Winschoten,Oldambt,Groningen,VBO,7.021288,53.145572
Esdoornlaan,26,,,9674CG,Winschoten,Oldambt,Groningen,VBO,7.021226,53.145510
Esdoornlaan,28,,,9674CG,Winschoten,Oldambt,Groningen,VBO,7.021179,53.145466
Esdoornlaan,30,,,9674CG,Winschoten,Oldambt,Groningen,VBO,7.021071,53.145368
Esdoornlaan,32,,,9674CG,Winschoten,Oldambt,Groningen,VBO,7.021024,53.145306
Esdoornlaan,34,,,9674CG,Winschoten,Oldambt,Groningen,VBO,7.020977,53.145262
Esdoornlaan,36,,,9674CG,Winschoten,Oldambt,Groningen,VBO,7.020930,53.145209
Esdoornlaan,38,,,9674CG,Winschoten,Oldambt,Groningen,VBO,7.020869,53.145155
Esdoornlaan,40,,,9674CG,Winschoten,Oldambt,Groningen,VBO,7.020836,53.145093
Esdoornlaan,42,,,9674CG,Winschoten,Oldambt,Groningen,VBO,7.020790,53.145058
Prunuslaan,1,A,,9674CH,Winschoten,Oldambt,Groningen,VBO,7.022504,53.145775
Prunuslaan,1,,,9674CH,Winschoten,Oldambt,Groningen,VBO,7.022504,53.145775
Prunuslaan,3,,,9674CH,Winschoten,Oldambt,Groningen,VBO,7.022504,53.145775
Prunuslaan,5,,,9674CH,Winschoten,Oldambt,Groningen,VBO,7.022504,53.145775
Prunuslaan,7,,,9674CH,Winschoten,Oldambt,Groningen,VBO,7.022300,53.145752
Prunuslaan,9,,,9674CH,Winschoten,Oldambt,Groningen,VBO,7.022360,53.145816
Prunuslaan,11,,,9674CH,Winschoten,Oldambt,Groningen,VBO,7.022264,53.145845
Prunuslaan,13,,,9674CH,Winschoten,Oldambt,Groningen,VBO,7.022215,53.145785
Prunuslaan,15,,,9674CH,Winschoten,Oldambt,Groningen,VBO,7.022112,53.145820
Prunuslaan,17,,,9674CH,Winschoten,Oldambt,Groningen,VBO,7.022159,53.145886
Prunuslaan,19,,,9674CH,Winschoten,Oldambt,Groningen,VBO,7.022079,53.145915
Prunuslaan,21,,,9674CH,Winschoten,Oldambt,Groningen,VBO,7.022013,53.145853
Prunuslaan,23,,,9674CH,Winschoten,Oldambt,Groningen,VBO,7.021937,53.145884
Prunuslaan,2,,,9674CJ,Winschoten,Oldambt,Groningen,VBO,7.021104,53.145908
Prunuslaan,4,,,9674CJ,Winschoten,Oldambt,Groningen,VBO,7.021023,53.145937
Prunuslaan,6,,,9674CJ,Winschoten,Oldambt,Groningen,VBO,7.020933,53.145960
Prunuslaan,8,,,9674CJ,Winschoten,Oldambt,Groningen,VBO,7.020861,53.145984
Prunuslaan,10,,,9674CJ,Winschoten,Oldambt,Groningen,VBO,7.020790,53.146015
Prunuslaan,12,,,9674CJ,Winschoten,Oldambt,Groningen,VBO,7.020714,53.146039
Prunuslaan,14,,,9674CJ,Winschoten,Oldambt,Groningen,VBO,7.020636,53.146069
Prunuslaan,16,,,9674CJ,Winschoten,Oldambt,Groningen,VBO,7.020219,53.146162
Prunuslaan,18,,,9674CJ,Winschoten,Oldambt,Groningen,VBO,7.020205,53.146189
Prunuslaan,20,,,9674CJ,Winschoten,Oldambt,Groningen,VBO,7.020161,53.146199
Prunuslaan,22,,,9674CJ,Winschoten,Oldambt,Groningen,VBO,7.020116,53.146208
Prunuslaan,24,,,9674CJ,Winschoten,Oldambt,Groningen,VBO,7.020087,53.146218
Prunuslaan,26,,,9674CJ,Winschoten,Oldambt,Groningen,VBO,7.020042,53.146236
Prunuslaan,28,,,9674CJ,Winschoten,Oldambt,Groningen,VBO,7.019998,53.146246
Prunuslaan,30,,,9674CJ,Winschoten,Oldambt,Groningen,VBO,7.019969,53.146264
Prunuslaan,32,,,9674CJ,Winschoten,Oldambt,Groningen,VBO,7.019924,53.146274
Prunuslaan,34,,,9674CJ,Winschoten,Oldambt,Groningen,VBO,7.019895,53.146283
Prunuslaan,36,,,9674CJ,Winschoten,Oldambt,Groningen,VBO,7.019865,53.146293
Prunuslaan,38,,,9674CJ,Winschoten,Oldambt,Groningen,VBO,7.019821,53.146311
Gouden Regenlaan,1,,,9674CK,Winschoten,Oldambt,Groningen,VBO,7.021932,53.145608
Gouden Regenlaan,3,,,9674CK,Winschoten,Oldambt,Groningen,VBO,7.021886,53.145564
Gouden Regenlaan,5,,,9674CK,Winschoten,Oldambt,Groningen,VBO,7.021838,53.145502
Gouden Regenlaan,7,,,9674CK,Winschoten,Oldambt,Groningen,VBO,7.021806,53.145448
Gouden Regenlaan,9,,,9674CK,Winschoten,Oldambt,Groningen,VBO,7.021728,53.145350
Gouden Regenlaan,11,,,9674CK,Winschoten,Oldambt,Groningen,VBO,7.021652,53.145316
Gouden Regenlaan,13,,,9674CK,Winschoten,Oldambt,Groningen,VBO,7.021605,53.145253
Gouden Regenlaan,15,,,9674CK,Winschoten,Oldambt,Groningen,VBO,7.021543,53.145200
Gouden Regenlaan,17,,,9674CK,Winschoten,Oldambt,Groningen,VBO,7.021511,53.145147
Gouden Regenlaan,19,,,9674CK,Winschoten,Oldambt,Groningen,VBO,7.021609,53.144975
Gouden Regenlaan,21,,,9674CK,Winschoten,Oldambt,Groningen,VBO,7.021577,53.144921
Gouden Regenlaan,23,,,9674CK,Winschoten,Oldambt,Groningen,VBO,7.021501,53.144868
Gouden Regenlaan,25,,,9674CK,Winschoten,Oldambt,Groningen,VBO,7.021469,53.144824
Gouden Regenlaan,2,,,9674CL,Winschoten,Oldambt,Groningen,VBO,7.022427,53.145269
Gouden Regenlaan,4,,,9674CL,Winschoten,Oldambt,Groningen,VBO,7.022381,53.145216
Gouden Regenlaan,6,,,9674CL,Winschoten,Oldambt,Groningen,VBO,7.022334,53.145162
Gouden Regenlaan,8,,,9674CL,Winschoten,Oldambt,Groningen,VBO,7.022272,53.145118
Gouden Regenlaan,10,,,9674CL,Winschoten,Oldambt,Groningen,VBO,7.022225,53.145056
Gouden Regenlaan,12,,,9674CL,Winschoten,Oldambt,Groningen,VBO,7.022132,53.144967
Gouden Regenlaan,14,,,9674CL,Winschoten,Oldambt,Groningen,VBO,7.022100,53.144914
Gouden Regenlaan,16,,,9674CL,Winschoten,Oldambt,Groningen,VBO,7.022053,53.144861
Gouden Regenlaan,18,,,9674CL,Winschoten,Oldambt,Groningen,VBO,7.022006,53.144807
Gouden Regenlaan,20,,,9674CL,Winschoten,Oldambt,Groningen,VBO,7.021945,53.144754
Gouden Regenlaan,22,,,9674CL,Winschoten,Oldambt,Groningen,VBO,7.021883,53.144692
Gouden Regenlaan,24,,,9674CL,Winschoten,Oldambt,Groningen,VBO,7.021851,53.144648
Kastanjehof,8,,,9674CM,Winschoten,Oldambt,Groningen,VBO,7.019476,53.143889
Kastanjehof,10,,,9674CM,Winschoten,Oldambt,Groningen,VBO,7.019300,53.143999
Kastanjehof,12,,,9674CM,Winschoten,Oldambt,Groningen,VBO,7.019242,53.144036
Kastanjehof,14,,,9674CM,Winschoten,Oldambt,Groningen,VBO,7.019081,53.144137
Kastanjehof,16,,,9674CM,Winschoten,Oldambt,Groningen,VBO,7.018933,53.144175
Kastanjehof,18,,,9674CM,Winschoten,Oldambt,Groningen,VBO,7.018848,53.144302
Kastanjehof,20,,,9674CM,Winschoten,Oldambt,Groningen,VBO,7.018715,53.144322
Kastanjehof,22,,,9674CM,Winschoten,Oldambt,Groningen,VBO,7.018568,53.144387
Kastanjehof,24,,,9674CM,Winschoten,Oldambt,Groningen,VBO,7.018348,53.144507
Kastanjehof,26,,,9674CM,Winschoten,Oldambt,Groningen,VBO,7.018189,53.144653
Kastanjehof,28,,,9674CM,Winschoten,Oldambt,Groningen,VBO,7.017995,53.144655
Kastanjehof,30,,,9674CM,Winschoten,Oldambt,Groningen,VBO,7.017867,53.144828
Kastanjehof,32,,,9674CM,Winschoten,Oldambt,Groningen,VBO,7.017794,53.144874
Kastanjehof,34,,,9674CM,Winschoten,Oldambt,Groningen,VBO,7.017541,53.144922
Kastanjehof,36,,,9674CM,Winschoten,Oldambt,Groningen,VBO,7.017456,53.145049
Kastanjehof,38,,,9674CM,Winschoten,Oldambt,Groningen,VBO,7.017251,53.145151
Kastanjehof,40,,,9674CM,Winschoten,Oldambt,Groningen,VBO,7.017075,53.145234
Kastanjehof,42,,,9674CM,Winschoten,Oldambt,Groningen,VBO,7.016884,53.145336
Kastanjehof,44,,,9674CM,Winschoten,Oldambt,Groningen,VBO,7.016724,53.145437
Kastanjehof,46,,,9674CM,Winschoten,Oldambt,Groningen,VBO,7.016455,53.145449
Kastanjehof,48,,,9674CM,Winschoten,Oldambt,Groningen,VBO,7.016310,53.145559
Kastanjehof,1,,,9674CN,Winschoten,Oldambt,Groningen,VBO,7.019922,53.144620
Kastanjehof,3,,,9674CN,Winschoten,Oldambt,Groningen,VBO,7.019845,53.144567
Kastanjehof,5,,,9674CN,Winschoten,Oldambt,Groningen,VBO,7.019595,53.144274
Kastanjehof,7,,,9674CN,Winschoten,Oldambt,Groningen,VBO,7.019506,53.144302
Kastanjehof,9,,,9674CN,Winschoten,Oldambt,Groningen,VBO,7.019331,53.144412
Kastanjehof,11,,,9674CN,Winschoten,Oldambt,Groningen,VBO,7.019258,53.144449
Kastanjehof,13,,,9674CN,Winschoten,Oldambt,Groningen,VBO,7.019082,53.144551
Kastanjehof,15,,,9674CN,Winschoten,Oldambt,Groningen,VBO,7.019008,53.144579
Kastanjehof,17,,,9674CN,Winschoten,Oldambt,Groningen,VBO,7.018833,53.144680
Kastanjehof,19,,,9674CN,Winschoten,Oldambt,Groningen,VBO,7.018759,53.144717
Kastanjehof,21,,,9674CN,Winschoten,Oldambt,Groningen,VBO,7.018569,53.144818
Kastanjehof,23,,,9674CN,Winschoten,Oldambt,Groningen,VBO,7.018495,53.144837
Kastanjehof,25,,,9674CN,Winschoten,Oldambt,Groningen,VBO,7.018320,53.144956
Kastanjehof,27,,,9674CN,Winschoten,Oldambt,Groningen,VBO,7.018261,53.144975
Kastanjehof,29,,,9674CN,Winschoten,Oldambt,Groningen,VBO,7.018071,53.145095
Kastanjehof,31,,,9674CN,Winschoten,Oldambt,Groningen,VBO,7.018012,53.145122
Kastanjehof,33,,,9674CN,Winschoten,Oldambt,Groningen,VBO,7.017837,53.145233
Kastanjehof,35,,,9674CN,Winschoten,Oldambt,Groningen,VBO,7.017763,53.145261
Jagershof,1,,,9674CP,Winschoten,Oldambt,Groningen,VBO,7.022133,53.143281
Jagershof,2,,,9674CP,Winschoten,Oldambt,Groningen,VBO,7.021803,53.143049
Jagershof,3,,,9674CP,Winschoten,Oldambt,Groningen,VBO,7.022059,53.143304
Jagershof,4,,,9674CP,Winschoten,Oldambt,Groningen,VBO,7.021714,53.143082
Jagershof,5,,,9674CP,Winschoten,Oldambt,Groningen,VBO,7.021965,53.143330
Jagershof,6,,,9674CP,Winschoten,Oldambt,Groningen,VBO,7.021548,53.143117
Jagershof,7,,,9674CP,Winschoten,Oldambt,Groningen,VBO,7.021855,53.143363
Jagershof,8,,,9674CP,Winschoten,Oldambt,Groningen,VBO,7.021457,53.143186
Jagershof,9,,,9674CP,Winschoten,Oldambt,Groningen,VBO,7.022383,53.143213
Jagershof,10,,,9674CP,Winschoten,Oldambt,Groningen,VBO,7.021284,53.143270
Jagershof,11,,,9674CP,Winschoten,Oldambt,Groningen,VBO,7.022414,53.143282
Jagershof,12,,,9674CP,Winschoten,Oldambt,Groningen,VBO,7.021196,53.143311
Jagershof,13,,,9674CP,Winschoten,Oldambt,Groningen,VBO,7.022446,53.143351
Jagershof,14,,,9674CP,Winschoten,Oldambt,Groningen,VBO,7.021047,53.143414
Jagershof,15,,,9674CP,Winschoten,Oldambt,Groningen,VBO,7.022478,53.143421
Jagershof,16,,,9674CP,Winschoten,Oldambt,Groningen,VBO,7.020971,53.143442
Jagershof,17,,,9674CP,Winschoten,Oldambt,Groningen,VBO,7.022147,53.143301
Jagershof,18,,,9674CP,Winschoten,Oldambt,Groningen,VBO,7.020818,53.143552
Jagershof,19,,,9674CP,Winschoten,Oldambt,Groningen,VBO,7.022073,53.143322
Jagershof,20,,,9674CP,Winschoten,Oldambt,Groningen,VBO,7.020738,53.143583
Jagershof,21,,,9674CP,Winschoten,Oldambt,Groningen,VBO,7.021977,53.143348
Jagershof,22,,,9674CP,Winschoten,Oldambt,Groningen,VBO,7.020538,53.143656
Jagershof,23,,,9674CP,Winschoten,Oldambt,Groningen,VBO,7.021867,53.143380
Jagershof,24,,,9674CP,Winschoten,Oldambt,Groningen,VBO,7.020472,53.143690
Jagershof,25,,,9674CP,Winschoten,Oldambt,Groningen,VBO,7.022343,53.143221
Jagershof,26,,,9674CP,Winschoten,Oldambt,Groningen,VBO,7.020253,53.143741
Jagershof,27,,,9674CP,Winschoten,Oldambt,Groningen,VBO,7.022380,53.143289
Jagershof,28,,,9674CP,Winschoten,Oldambt,Groningen,VBO,7.020155,53.143775
Jagershof,29,,,9674CP,Winschoten,Oldambt,Groningen,VBO,7.022414,53.143357
Jagershof,30,,,9674CP,Winschoten,Oldambt,Groningen,VBO,7.019969,53.143845
Jagershof,31,,,9674CP,Winschoten,Oldambt,Groningen,VBO,7.022442,53.143430
Jagershof,32,,,9674CP,Winschoten,Oldambt,Groningen,VBO,7.019730,53.143599
Jagershof,33,,,9674CP,Winschoten,Oldambt,Groningen,VBO,7.022163,53.143323
Jagershof,34,,,9674CP,Winschoten,Oldambt,Groningen,VBO,7.019875,53.143519
Jagershof,35,,,9674CP,Winschoten,Oldambt,Groningen,VBO,7.022090,53.143346
Jagershof,36,,,9674CP,Winschoten,Oldambt,Groningen,VBO,7.019973,53.143474
Jagershof,37,,,9674CP,Winschoten,Oldambt,Groningen,VBO,7.021993,53.143371
Jagershof,38,,,9674CP,Winschoten,Oldambt,Groningen,VBO,7.020123,53.143391
Jagershof,39,,,9674CP,Winschoten,Oldambt,Groningen,VBO,7.021884,53.143404
Jagershof,40,,,9674CP,Winschoten,Oldambt,Groningen,VBO,7.020224,53.143344
Jagershof,41,,,9674CP,Winschoten,Oldambt,Groningen,VBO,7.022304,53.143234
Jagershof,42,,,9674CP,Winschoten,Oldambt,Groningen,VBO,7.020383,53.143260
Jagershof,43,,,9674CP,Winschoten,Oldambt,Groningen,VBO,7.022340,53.143300
Jagershof,44,,,9674CP,Winschoten,Oldambt,Groningen,VBO,7.020472,53.143218
Jagershof,45,,,9674CP,Winschoten,Oldambt,Groningen,VBO,7.022370,53.143365
Jagershof,46,,,9674CP,Winschoten,Oldambt,Groningen,VBO,7.020622,53.143146
Jagershof,47,,,9674CP,Winschoten,Oldambt,Groningen,VBO,7.022404,53.143437
Jagershof,48,,,9674CP,Winschoten,Oldambt,Groningen,VBO,7.020719,53.143093
Jagershof,50,,,9674CP,Winschoten,Oldambt,Groningen,VBO,7.020874,53.143013
Jagershof,51,,,9674CP,Winschoten,Oldambt,Groningen,VBO,7.021576,53.143467
Jagershof,52,,,9674CP,Winschoten,Oldambt,Groningen,VBO,7.020958,53.142963
Jagershof,53,,,9674CP,Winschoten,Oldambt,Groningen,VBO,7.021488,53.143496
Jagershof,54,,,9674CP,Winschoten,Oldambt,Groningen,VBO,7.021108,53.142885
Jagershof,55,,,9674CP,Winschoten,Oldambt,Groningen,VBO,7.021376,53.143608
Jagershof,56,,,9674CP,Winschoten,Oldambt,Groningen,VBO,7.021187,53.142846
Jagershof,57,,,9674CP,Winschoten,Oldambt,Groningen,VBO,7.021291,53.143632
Jagershof,58,,,9674CP,Winschoten,Oldambt,Groningen,VBO,7.021355,53.142762
Jagershof,59,,,9674CP,Winschoten,Oldambt,Groningen,VBO,7.021173,53.143722
Jagershof,60,,,9674CP,Winschoten,Oldambt,Groningen,VBO,7.021426,53.142718
Jagershof,61,,,9674CP,Winschoten,Oldambt,Groningen,VBO,7.021070,53.143755
Jagershof,63,,,9674CP,Winschoten,Oldambt,Groningen,VBO,7.020928,53.143814
Jagershof,65,,,9674CP,Winschoten,Oldambt,Groningen,VBO,7.020842,53.143847
Jagershof,67,,,9674CP,Winschoten,Oldambt,Groningen,VBO,7.020677,53.143899
Jagershof,69,,,9674CP,Winschoten,Oldambt,Groningen,VBO,7.020586,53.143930
Jagershof,71,,,9674CP,Winschoten,Oldambt,Groningen,VBO,7.020423,53.143986
Jagershof,73,,,9674CP,Winschoten,Oldambt,Groningen,VBO,7.020334,53.144012
Jagershof,75,,,9674CP,Winschoten,Oldambt,Groningen,VBO,7.020161,53.144076
Jagershof,77,,,9674CP,Winschoten,Oldambt,Groningen,VBO,7.019999,53.144164
Meidoornlaan,1,,,9674EA,Winschoten,Oldambt,Groningen,VBO,7.018677,53.143316
Meidoornlaan,3,,,9674EA,Winschoten,Oldambt,Groningen,VBO,7.017738,53.143805
Meidoornlaan,5,,,9674EA,Winschoten,Oldambt,Groningen,VBO,7.016830,53.144294
Meidoornlaan,7,,,9674EA,Winschoten,Oldambt,Groningen,VBO,7.015922,53.144782
Meidoornlaan,9,,,9674EA,Winschoten,Oldambt,Groningen,VBO,7.015043,53.145262
Meidoornlaan,11,,,9674EA,Winschoten,Oldambt,Groningen,VBO,7.014178,53.145723
Meidoornlaan,13,,,9674EA,Winschoten,Oldambt,Groningen,VBO,7.013270,53.146211
Meidoornlaan,15,,,9674EA,Winschoten,Oldambt,Groningen,VBO,7.012492,53.146590
Meidoornlaan,17,,,9674EA,Winschoten,Oldambt,Groningen,VBO,7.011576,53.146873
Meidoornlaan,19,,,9674EA,Winschoten,Oldambt,Groningen,VBO,7.010584,53.147129
Meidoornlaan,2,A,1,9674EB,Winschoten,Oldambt,Groningen,VBO,7.020150,53.142361
Meidoornlaan,2,A,,9674EB,Winschoten,Oldambt,Groningen,VBO,7.020802,53.142199
Meidoornlaan,2,B,,9674EB,Winschoten,Oldambt,Groningen,VBO,7.019624,53.142674
Meidoornlaan,2,C,,9674EB,Winschoten,Oldambt,Groningen,VBO,7.019004,53.142871
Meidoornlaan,2,D,,9674EB,Winschoten,Oldambt,Groningen,VBO,7.017832,53.143507
Meidoornlaan,2,,,9674EB,Winschoten,Oldambt,Groningen,VBO,7.021035,53.142026
Meidoornlaan,4,A,,9674EB,Winschoten,Oldambt,Groningen,VBO,7.009707,53.144416
Meidoornlaan,4,,,9674EB,Winschoten,Oldambt,Groningen,VBO,7.016939,53.144005
Meidoornlaan,6,,,9674EB,Winschoten,Oldambt,Groningen,VBO,7.015987,53.144521
Meidoornlaan,8,,,9674EB,Winschoten,Oldambt,Groningen,VBO,7.015018,53.145001
Meidoornlaan,10,,,9674EB,Winschoten,Oldambt,Groningen,VBO,7.014110,53.145490
Meidoornlaan,12,,,9674EB,Winschoten,Oldambt,Groningen,VBO,7.013141,53.145953
Meidoornlaan,14,,,9674EB,Winschoten,Oldambt,Groningen,VBO,7.012436,53.146286
Meidoornlaan,16,,,9674EB,Winschoten,Oldambt,Groningen,VBO,7.011504,53.146559
Meidoornlaan,18,,,9674EB,Winschoten,Oldambt,Groningen,VBO,7.010512,53.146815
Rosa Caninalaan,1,,,9674EC,Winschoten,Oldambt,Groningen,VBO,7.017896,53.139642
Rosa Caninalaan,3,,,9674EC,Winschoten,Oldambt,Groningen,VBO,7.018190,53.139530
Rosa Caninalaan,5,,,9674EC,Winschoten,Oldambt,Groningen,VBO,7.018445,53.139544
Rosa Caninalaan,7,,,9674EC,Winschoten,Oldambt,Groningen,VBO,7.017652,53.139924
Rosa Caninalaan,9,,,9674EC,Winschoten,Oldambt,Groningen,VBO,7.017938,53.139983
Rosa Caninalaan,11,,,9674EC,Winschoten,Oldambt,Groningen,VBO,7.018177,53.139970
Rosa Caninalaan,13,,,9674EC,Winschoten,Oldambt,Groningen,VBO,7.018430,53.139949
Rosa Caninalaan,15,,,9674EC,Winschoten,Oldambt,Groningen,VBO,7.018411,53.140219
Rosa Caninalaan,17,,,9674EC,Winschoten,Oldambt,Groningen,VBO,7.018156,53.140213
Rosa Caninalaan,19,,,9674EC,Winschoten,Oldambt,Groningen,VBO,7.017917,53.140217
Rosa Caninalaan,21,,,9674EC,Winschoten,Oldambt,Groningen,VBO,7.017666,53.140301
Rosa Caninalaan,23,,,9674EC,Winschoten,Oldambt,Groningen,VBO,7.016490,53.140416
Rosa Caninalaan,25,,,9674EC,Winschoten,Oldambt,Groningen,VBO,7.016145,53.140394
Rosa Caninalaan,27,,,9674EC,Winschoten,Oldambt,Groningen,VBO,7.015771,53.140381
Rosa Caninalaan,29,,,9674EC,Winschoten,Oldambt,Groningen,VBO,7.015425,53.140304
Rosa Caninalaan,31,,,9674EC,Winschoten,Oldambt,Groningen,VBO,7.015019,53.140238
Rosa Caninalaan,33,,,9674EC,Winschoten,Oldambt,Groningen,VBO,7.014626,53.140145
Rosa Caninalaan,35,,,9674EC,Winschoten,Oldambt,Groningen,VBO,7.014251,53.140096
Rosa Caninalaan,37,,,9674EC,Winschoten,Oldambt,Groningen,VBO,7.013895,53.140181
Rosa Caninalaan,39,,,9674EC,Winschoten,Oldambt,Groningen,VBO,7.013550,53.140132
Rosa Caninalaan,41,,,9674EC,Winschoten,Oldambt,Groningen,VBO,7.013085,53.140094
Rosa Caninalaan,43,,,9674EC,Winschoten,Oldambt,Groningen,VBO,7.012622,53.140100
Rosa Caninalaan,45,,,9674EC,Winschoten,Oldambt,Groningen,VBO,7.012203,53.140088
Rosa Caninalaan,47,,,9674EC,Winschoten,Oldambt,Groningen,VBO,7.011754,53.140076
Rosa Caninalaan,49,,,9674EC,Winschoten,Oldambt,Groningen,VBO,7.011171,53.140057
Rosa Caninalaan,51,,,9674EC,Winschoten,Oldambt,Groningen,VBO,7.011325,53.140491
Rosa Caninalaan,2,,,9674ED,Winschoten,Oldambt,Groningen,VBO,7.016306,53.139502
Rosa Caninalaan,4,,,9674ED,Winschoten,Oldambt,Groningen,VBO,7.016520,53.140020
Rosa Caninalaan,6,,,9674ED,Winschoten,Oldambt,Groningen,VBO,7.016132,53.140034
Rosa Caninalaan,8,,,9674ED,Winschoten,Oldambt,Groningen,VBO,7.015740,53.139941
Rosa Caninalaan,10,,,9674ED,Winschoten,Oldambt,Groningen,VBO,7.015405,53.139774
Rosa Caninalaan,12,,,9674ED,Winschoten,Oldambt,Groningen,VBO,7.015016,53.139762
Rosa Caninalaan,14,,,9674ED,Winschoten,Oldambt,Groningen,VBO,7.014626,53.139731
Rosa Caninalaan,16,,,9674ED,Winschoten,Oldambt,Groningen,VBO,7.014297,53.139736
Rosa Caninalaan,18,,,9674ED,Winschoten,Oldambt,Groningen,VBO,7.013894,53.139750
Rosa Caninalaan,20,,,9674ED,Winschoten,Oldambt,Groningen,VBO,7.013564,53.139710
Rosa Caninalaan,22,,,9674ED,Winschoten,Oldambt,Groningen,VBO,7.013189,53.139679
Rosa Caninalaan,24,,,9674ED,Winschoten,Oldambt,Groningen,VBO,7.012503,53.139715
Rosa Caninalaan,26,,,9674ED,Winschoten,Oldambt,Groningen,VBO,7.012069,53.139703
Rosa Caninalaan,28,,,9674ED,Winschoten,Oldambt,Groningen,VBO,7.011561,53.139719
Rosa Caninalaan,30,,,9674ED,Winschoten,Oldambt,Groningen,VBO,7.011076,53.139519
Rosa Caninalaan,32,,,9674ED,Winschoten,Oldambt,Groningen,VBO,7.010672,53.139524
Rosa Caninalaan,34,,,9674ED,Winschoten,Oldambt,Groningen,VBO,7.010194,53.139513
Rosa Caninalaan,36,,,9674ED,Winschoten,Oldambt,Groningen,VBO,7.010179,53.139917
Rosa Caninalaan,38,,,9674ED,Winschoten,Oldambt,Groningen,VBO,7.010675,53.139982
Rosa Caninalaan,40,,,9674ED,Winschoten,Oldambt,Groningen,VBO,7.010573,53.140451
Rosa Caninalaan,42,,,9674ED,Winschoten,Oldambt,Groningen,VBO,7.010016,53.140360
Rosa Caninalaan,44,,,9674ED,Winschoten,Oldambt,Groningen,VBO,7.009350,53.140385
Rosa Caninalaan,46,,,9674ED,Winschoten,Oldambt,Groningen,VBO,7.008715,53.140333
Oude Hornweg,1,,,9674GA,Winschoten,Oldambt,Groningen,VBO,7.014345,53.155337
Oude Hornweg,3,,,9674GA,Winschoten,Oldambt,Groningen,VBO,7.014706,53.155404
Oude Hornweg,7,,,9674GA,Winschoten,Oldambt,Groningen,VBO,7.016259,53.155733
Oude Hornweg,9,,,9674GA,Winschoten,Oldambt,Groningen,VBO,7.016500,53.155775
Oude Hornweg,11,,,9674GA,Winschoten,Oldambt,Groningen,VBO,7.016680,53.155791
Oude Hornweg,13,,,9674GA,Winschoten,Oldambt,Groningen,VBO,7.016892,53.155860
Oude Hornweg,15,,,9674GA,Winschoten,Oldambt,Groningen,VBO,7.017011,53.155849
Oude Hornweg,17,A,,9674GA,Winschoten,Oldambt,Groningen,VBO,7.017528,53.156033
Oude Hornweg,17,,,9674GA,Winschoten,Oldambt,Groningen,VBO,7.017284,53.155971
Oude Hornweg,19,,,9674GA,Winschoten,Oldambt,Groningen,VBO,7.018011,53.156195
Oude Hornweg,21,,,9674GA,Winschoten,Oldambt,Groningen,VBO,7.018087,53.156248
Trekweg,1,,,9674GB,Winschoten,Oldambt,Groningen,VBO,7.021954,53.149356
Trekweg,2,,,9674GB,Winschoten,Oldambt,Groningen,VBO,7.021910,53.149392
Trekweg,3,,,9674GB,Winschoten,Oldambt,Groningen,VBO,7.021897,53.149437
Trekweg,4,,,9674GB,Winschoten,Oldambt,Groningen,VBO,7.021869,53.149483
Trekweg,5,,,9674GB,Winschoten,Oldambt,Groningen,VBO,7.022014,53.149373
Trekweg,6,,,9674GB,Winschoten,Oldambt,Groningen,VBO,7.021986,53.149409
Trekweg,7,,,9674GB,Winschoten,Oldambt,Groningen,VBO,7.021958,53.149464
Trekweg,8,,,9674GB,Winschoten,Oldambt,Groningen,VBO,7.021944,53.149491
Trekweg,9,,,9674GB,Winschoten,Oldambt,Groningen,VBO,7.021542,53.149541
Trekweg,10,,,9674GB,Winschoten,Oldambt,Groningen,VBO,7.021514,53.149577
Trekweg,11,,,9674GB,Winschoten,Oldambt,Groningen,VBO,7.021486,53.149632
Trekweg,12,,,9674GB,Winschoten,Oldambt,Groningen,VBO,7.021458,53.149677
Trekweg,13,,,9674GB,Winschoten,Oldambt,Groningen,VBO,7.021633,53.149558
Trekweg,14,,,9674GB,Winschoten,Oldambt,Groningen,VBO,7.021590,53.149603
Trekweg,15,,,9674GB,Winschoten,Oldambt,Groningen,VBO,7.021562,53.149658
Trekweg,16,,,9674GB,Winschoten,Oldambt,Groningen,VBO,7.021548,53.149694
Trekweg,17,,,9674GC,Winschoten,Oldambt,Groningen,VBO,7.021447,53.149776
Trekweg,18,,,9674GC,Winschoten,Oldambt,Groningen,VBO,7.021388,53.149804
Trekweg,19,,,9674GC,Winschoten,Oldambt,Groningen,VBO,7.021329,53.149841
Trekweg,20,,,9674GC,Winschoten,Oldambt,Groningen,VBO,7.021256,53.149886
Trekweg,21,,,9674GC,Winschoten,Oldambt,Groningen,VBO,7.021213,53.149923
Trekweg,22,,,9674GC,Winschoten,Oldambt,Groningen,VBO,7.021154,53.149951
Trekweg,23,,,9674GC,Winschoten,Oldambt,Groningen,VBO,7.021111,53.149987
Trekweg,24,,,9674GC,Winschoten,Oldambt,Groningen,VBO,7.021053,53.150033
Trekweg,25,,,9674GC,Winschoten,Oldambt,Groningen,VBO,7.021493,53.149820
Trekweg,26,,,9674GC,Winschoten,Oldambt,Groningen,VBO,7.021449,53.149839
Trekweg,27,,,9674GC,Winschoten,Oldambt,Groningen,VBO,7.021420,53.149875
Trekweg,28,,,9674GC,Winschoten,Oldambt,Groningen,VBO,7.021362,53.149921
Trekweg,29,,,9674GC,Winschoten,Oldambt,Groningen,VBO,7.021304,53.149958
Trekweg,30,,,9674GC,Winschoten,Oldambt,Groningen,VBO,7.021245,53.149994
Trekweg,31,,,9674GC,Winschoten,Oldambt,Groningen,VBO,7.021172,53.150031
Trekweg,32,,,9674GC,Winschoten,Oldambt,Groningen,VBO,7.021113,53.150059
Trekweg,33,,,9674GC,Winschoten,Oldambt,Groningen,VBO,7.020890,53.150071
Trekweg,34,,,9674GC,Winschoten,Oldambt,Groningen,VBO,7.020831,53.150108
Trekweg,35,,,9674GC,Winschoten,Oldambt,Groningen,VBO,7.020803,53.150144
Trekweg,36,,,9674GC,Winschoten,Oldambt,Groningen,VBO,7.020714,53.150181
Trekweg,37,,,9674GC,Winschoten,Oldambt,Groningen,VBO,7.020746,53.150235
Trekweg,38,,,9674GC,Winschoten,Oldambt,Groningen,VBO,7.020674,53.150290
Trekweg,39,,,9674GC,Winschoten,Oldambt,Groningen,VBO,7.020615,53.150318
Trekweg,40,,,9674GC,Winschoten,Oldambt,Groningen,VBO,7.020557,53.150363
Trekweg,41,,,9674GD,Winschoten,Oldambt,Groningen,VBO,7.020936,53.150116
Trekweg,42,,,9674GD,Winschoten,Oldambt,Groningen,VBO,7.020907,53.150134
Trekweg,43,,,9674GD,Winschoten,Oldambt,Groningen,VBO,7.020848,53.150162
Trekweg,44,,,9674GD,Winschoten,Oldambt,Groningen,VBO,7.020790,53.150216
Trekweg,45,,,9674GD,Winschoten,Oldambt,Groningen,VBO,7.020808,53.150297
Trekweg,46,,,9674GD,Winschoten,Oldambt,Groningen,VBO,7.020750,53.150325
Trekweg,47,,,9674GD,Winschoten,Oldambt,Groningen,VBO,7.020707,53.150370
Trekweg,48,,,9674GD,Winschoten,Oldambt,Groningen,VBO,7.020648,53.150407
Trekweg,49,,,9674GD,Winschoten,Oldambt,Groningen,VBO,7.020357,53.150213
Trekweg,50,,,9674GD,Winschoten,Oldambt,Groningen,VBO,7.020282,53.150205
Trekweg,51,,,9674GD,Winschoten,Oldambt,Groningen,VBO,7.020222,53.150197
Trekweg,52,,,9674GD,Winschoten,Oldambt,Groningen,VBO,7.020132,53.150189
Trekweg,53,,,9674GD,Winschoten,Oldambt,Groningen,VBO,7.020359,53.150267
Trekweg,54,,,9674GD,Winschoten,Oldambt,Groningen,VBO,7.020284,53.150259
Trekweg,55,,,9674GD,Winschoten,Oldambt,Groningen,VBO,7.020208,53.150242
Trekweg,56,,,9674GD,Winschoten,Oldambt,Groningen,VBO,7.020133,53.150234
Trekweg,57,,,9674GD,Winschoten,Oldambt,Groningen,VBO,7.020002,53.150317
Trekweg,58,,,9674GD,Winschoten,Oldambt,Groningen,VBO,7.019943,53.150354
Trekweg,59,,,9674GD,Winschoten,Oldambt,Groningen,VBO,7.019900,53.150390
Trekweg,60,,,9674GD,Winschoten,Oldambt,Groningen,VBO,7.019842,53.150436
Trekweg,61,,,9674GD,Winschoten,Oldambt,Groningen,VBO,7.019798,53.150473
Trekweg,62,,,9674GD,Winschoten,Oldambt,Groningen,VBO,7.019740,53.150509
Trekweg,63,,,9674GD,Winschoten,Oldambt,Groningen,VBO,7.020078,53.150361
Trekweg,64,,,9674GD,Winschoten,Oldambt,Groningen,VBO,7.020020,53.150398
Trekweg,65,,,9674GD,Winschoten,Oldambt,Groningen,VBO,7.019961,53.150434
Trekweg,66,,,9674GD,Winschoten,Oldambt,Groningen,VBO,7.019903,53.150471
Trekweg,67,,,9674GD,Winschoten,Oldambt,Groningen,VBO,7.019859,53.150499
Trekweg,68,,,9674GD,Winschoten,Oldambt,Groningen,VBO,7.019816,53.150544
Trekweg,69,,,9674GD,Winschoten,Oldambt,Groningen,VBO,7.019672,53.150690
Trekweg,70,,,9674GD,Winschoten,Oldambt,Groningen,VBO,7.019841,53.150814
Grintweg,98,,,9674GE,Winschoten,Oldambt,Groningen,VBO,7.019280,53.151570
Grintweg,100,,,9674GE,Winschoten,Oldambt,Groningen,VBO,7.019024,53.151732
Grintweg,102,,,9674GE,Winschoten,Oldambt,Groningen,VBO,7.018966,53.151778
Grintweg,104,,,9674GE,Winschoten,Oldambt,Groningen,VBO,7.018834,53.151861
Grintweg,106,,,9674GE,Winschoten,Oldambt,Groningen,VBO,7.018776,53.151898
Grintweg,108,,,9674GE,Winschoten,Oldambt,Groningen,VBO,7.018644,53.151980
Grintweg,110,,,9674GE,Winschoten,Oldambt,Groningen,VBO,7.018571,53.152026
Grintweg,112,,,9674GE,Winschoten,Oldambt,Groningen,VBO,7.018424,53.152091
Grintweg,114,,,9674GE,Winschoten,Oldambt,Groningen,VBO,7.018352,53.152164
Grintweg,116,,,9674GE,Winschoten,Oldambt,Groningen,VBO,7.018249,53.152192
Grintweg,118,,,9674GE,Winschoten,Oldambt,Groningen,VBO,7.018151,53.152301
Grintweg,122,,,9674GG,Winschoten,Oldambt,Groningen,VBO,7.017153,53.152077
Grintweg,126,,,9674GG,Winschoten,Oldambt,Groningen,VBO,7.017846,53.152530
Grintweg,128,,,9674GG,Winschoten,Oldambt,Groningen,VBO,7.017796,53.152557
Grintweg,130,,,9674GG,Winschoten,Oldambt,Groningen,VBO,7.017688,53.152619
Grintweg,132,,,9674GG,Winschoten,Oldambt,Groningen,VBO,7.017607,53.152657
Grintweg,134,,,9674GG,Winschoten,Oldambt,Groningen,VBO,7.017566,53.152692
Grintweg,136,,,9674GG,Winschoten,Oldambt,Groningen,VBO,7.017389,53.152788
Grintweg,138,,,9674GG,Winschoten,Oldambt,Groningen,VBO,7.017302,53.152870
Grintweg,140,,,9674GG,Winschoten,Oldambt,Groningen,VBO,7.017200,53.152926
Grintweg,142,,,9674GG,Winschoten,Oldambt,Groningen,VBO,7.017072,53.153028
Grintweg,144,,,9674GG,Winschoten,Oldambt,Groningen,VBO,7.017020,53.153072
Grintweg,146,,,9674GG,Winschoten,Oldambt,Groningen,VBO,7.016892,53.153091
Grintweg,148,,,9674GG,Winschoten,Oldambt,Groningen,VBO,7.016833,53.153119
Grintweg,150,,,9674GG,Winschoten,Oldambt,Groningen,VBO,7.016801,53.153201
Grintweg,152,,,9674GG,Winschoten,Oldambt,Groningen,VBO,7.016571,53.153303
Grintweg,154,,,9674GG,Winschoten,Oldambt,Groningen,VBO,7.015974,53.153733
Zuiderveen,1,,,9674HA,Winschoten,Oldambt,Groningen,VBO,7.012684,53.135438
Zuiderveen,3,A,,9674HA,Winschoten,Oldambt,Groningen,VBO,7.022165,53.135530
Zuiderveen,3,,,9674HA,Winschoten,Oldambt,Groningen,VBO,7.010856,53.134848
Zuiderveen,5,,,9674HA,Winschoten,Oldambt,Groningen,VBO,7.022393,53.134844
Zuiderveen,7,,,9674HA,Winschoten,Oldambt,Groningen,VBO,7.022391,53.134790
Zuiderveen,9,,,9674HA,Winschoten,Oldambt,Groningen,VBO,7.022358,53.134710
Zuiderveen,11,,,9674HA,Winschoten,Oldambt,Groningen,VBO,7.022394,53.134476
Zuiderveen,15,A,,9674HA,Winschoten,Oldambt,Groningen,VBO,7.020282,53.133801
Zuiderveen,15,,,9674HA,Winschoten,Oldambt,Groningen,VBO,7.022291,53.134126
Zuiderveen,17,A,,9674HA,Winschoten,Oldambt,Groningen,VBO,7.021427,53.133432
Zuiderveen,17,,,9674HA,Winschoten,Oldambt,Groningen,VBO,7.021922,53.133466
Lariksweg,1,,,9674JA,Winschoten,Oldambt,Groningen,VBO,7.023137,53.147048
Lariksweg,2,,,9674JA,Winschoten,Oldambt,Groningen,VBO,7.022806,53.147385
Lariksweg,3,,,9674JA,Winschoten,Oldambt,Groningen,VBO,7.023153,53.147075
Lariksweg,4,,,9674JA,Winschoten,Oldambt,Groningen,VBO,7.022808,53.147439
Lariksweg,5,,,9674JA,Winschoten,Oldambt,Groningen,VBO,7.023250,53.147271
Lariksweg,6,,,9674JA,Winschoten,Oldambt,Groningen,VBO,7.022795,53.147484
Lariksweg,7,,,9674JA,Winschoten,Oldambt,Groningen,VBO,7.023282,53.147315
Lariksweg,8,,,9674JA,Winschoten,Oldambt,Groningen,VBO,7.022827,53.147537
Lariksweg,9,,,9674JA,Winschoten,Oldambt,Groningen,VBO,7.023273,53.147468
Lariksweg,10,,,9674JA,Winschoten,Oldambt,Groningen,VBO,7.022829,53.147582
Lariksweg,11,,,9674JA,Winschoten,Oldambt,Groningen,VBO,7.023290,53.147522
Lariksweg,12,,,9674JA,Winschoten,Oldambt,Groningen,VBO,7.022845,53.147627
Plataanweg,1,,,9674JB,Winschoten,Oldambt,Groningen,VBO,7.022426,53.148792
Plataanweg,3,,,9674JB,Winschoten,Oldambt,Groningen,VBO,7.022530,53.148773
Plataanweg,5,,,9674JB,Winschoten,Oldambt,Groningen,VBO,7.022829,53.148778
Plataanweg,7,,,9674JB,Winschoten,Oldambt,Groningen,VBO,7.022872,53.148741
Plataanweg,9,,,9674JB,Winschoten,Oldambt,Groningen,VBO,7.022916,53.148696
Plataanweg,11,,,9674JB,Winschoten,Oldambt,Groningen,VBO,7.022974,53.148659
Plataanweg,13,,,9674JB,Winschoten,Oldambt,Groningen,VBO,7.023017,53.148613
Plataanweg,15,,,9674JB,Winschoten,Oldambt,Groningen,VBO,7.023076,53.148585
Plataanweg,17,,,9674JB,Winschoten,Oldambt,Groningen,VBO,7.022753,53.148734
Plataanweg,19,,,9674JB,Winschoten,Oldambt,Groningen,VBO,7.022796,53.148697
Plataanweg,21,,,9674JB,Winschoten,Oldambt,Groningen,VBO,7.022840,53.148670
Plataanweg,23,,,9674JB,Winschoten,Oldambt,Groningen,VBO,7.022913,53.148624
Plataanweg,25,,,9674JB,Winschoten,Oldambt,Groningen,VBO,7.022956,53.148578
Plataanweg,27,,,9674JB,Winschoten,Oldambt,Groningen,VBO,7.023015,53.148550
Plataanweg,29,,,9674JB,Winschoten,Oldambt,Groningen,VBO,7.023070,53.148442
Plataanweg,31,,,9674JB,Winschoten,Oldambt,Groningen,VBO,7.023084,53.148397
Plataanweg,33,,,9674JB,Winschoten,Oldambt,Groningen,VBO,7.023082,53.148343
Plataanweg,35,,,9674JB,Winschoten,Oldambt,Groningen,VBO,7.023080,53.148298
Plataanweg,37,,,9674JC,Winschoten,Oldambt,Groningen,VBO,7.023105,53.148172
Plataanweg,39,,,9674JC,Winschoten,Oldambt,Groningen,VBO,7.023104,53.148136
Plataanweg,41,,,9674JC,Winschoten,Oldambt,Groningen,VBO,7.023102,53.148082
Plataanweg,43,,,9674JC,Winschoten,Oldambt,Groningen,VBO,7.023085,53.148046
Plataanweg,45,,,9674JC,Winschoten,Oldambt,Groningen,VBO,7.023098,53.147992
Plataanweg,47,,,9674JC,Winschoten,Oldambt,Groningen,VBO,7.023081,53.147929
Plataanweg,49,,,9674JC,Winschoten,Oldambt,Groningen,VBO,7.023080,53.147893
Plataanweg,51,,,9674JC,Winschoten,Oldambt,Groningen,VBO,7.023078,53.147839
Plataanweg,53,,,9674JC,Winschoten,Oldambt,Groningen,VBO,7.023016,53.148191
Plataanweg,55,,,9674JC,Winschoten,Oldambt,Groningen,VBO,7.023014,53.148137
Plataanweg,57,,,9674JC,Winschoten,Oldambt,Groningen,VBO,7.023012,53.148083
Plataanweg,59,,,9674JC,Winschoten,Oldambt,Groningen,VBO,7.023010,53.148038
Plataanweg,61,,,9674JC,Winschoten,Oldambt,Groningen,VBO,7.022994,53.147993
Plataanweg,63,,,9674JC,Winschoten,Oldambt,Groningen,VBO,7.022992,53.147940
Plataanweg,65,,,9674JC,Winschoten,Oldambt,Groningen,VBO,7.022990,53.147886
Plataanweg,67,,,9674JC,Winschoten,Oldambt,Groningen,VBO,7.022973,53.147841
Sleedoornweg,1,,,9674JD,Winschoten,Oldambt,Groningen,VBO,7.022514,53.147955
Sleedoornweg,3,,,9674JD,Winschoten,Oldambt,Groningen,VBO,7.022531,53.148009
Sleedoornweg,5,,,9674JD,Winschoten,Oldambt,Groningen,VBO,7.022548,53.148053
Sleedoornweg,7,,,9674JD,Winschoten,Oldambt,Groningen,VBO,7.022550,53.148107
Sleedoornweg,9,,,9674JD,Winschoten,Oldambt,Groningen,VBO,7.022552,53.148161
Sleedoornweg,11,,,9674JD,Winschoten,Oldambt,Groningen,VBO,7.022553,53.148197
Sleedoornweg,13,,,9674JD,Winschoten,Oldambt,Groningen,VBO,7.022710,53.148393
Sleedoornweg,15,,,9674JD,Winschoten,Oldambt,Groningen,VBO,7.022635,53.148394
Sleedoornweg,17,,,9674JD,Winschoten,Oldambt,Groningen,VBO,7.022561,53.148404
Sleedoornweg,19,,,9674JD,Winschoten,Oldambt,Groningen,VBO,7.022456,53.148405
Sleedoornweg,21,,,9674JD,Winschoten,Oldambt,Groningen,VBO,7.022397,53.148415
Sleedoornweg,23,A,,9674JD,Winschoten,Oldambt,Groningen,VBO,7.022244,53.148547
Sleedoornweg,23,,,9674JD,Winschoten,Oldambt,Groningen,VBO,7.022307,53.148425
Sleedoornweg,25,,,9674JD,Winschoten,Oldambt,Groningen,VBO,7.022125,53.148347
Sleedoornweg,27,,,9674JD,Winschoten,Oldambt,Groningen,VBO,7.022049,53.148321
Sleedoornweg,29,,,9674JD,Winschoten,Oldambt,Groningen,VBO,7.021988,53.148286
Sleedoornweg,31,,,9674JD,Winschoten,Oldambt,Groningen,VBO,7.021942,53.148259
Sleedoornweg,33,,,9674JD,Winschoten,Oldambt,Groningen,VBO,7.021896,53.148224
Sleedoornweg,35,,,9674JD,Winschoten,Oldambt,Groningen,VBO,7.021805,53.148189
Sleedoornweg,37,,,9674JE,Winschoten,Oldambt,Groningen,VBO,7.021569,53.148256
Sleedoornweg,39,,,9674JE,Winschoten,Oldambt,Groningen,VBO,7.021480,53.148284
Sleedoornweg,41,,,9674JE,Winschoten,Oldambt,Groningen,VBO,7.021421,53.148302
Sleedoornweg,43,,,9674JE,Winschoten,Oldambt,Groningen,VBO,7.021347,53.148321
Sleedoornweg,45,,,9674JE,Winschoten,Oldambt,Groningen,VBO,7.021258,53.148341
Sleedoornweg,47,,,9674JE,Winschoten,Oldambt,Groningen,VBO,7.021199,53.148377
Sleedoornweg,49,,,9674JE,Winschoten,Oldambt,Groningen,VBO,7.020948,53.148453
Sleedoornweg,51,,,9674JE,Winschoten,Oldambt,Groningen,VBO,7.020965,53.148497
Sleedoornweg,53,,,9674JE,Winschoten,Oldambt,Groningen,VBO,7.020967,53.148560
Sleedoornweg,55,,,9674JE,Winschoten,Oldambt,Groningen,VBO,7.020954,53.148596
Sleedoornweg,57,,,9674JE,Winschoten,Oldambt,Groningen,VBO,7.020956,53.148650
Sleedoornweg,59,,,9674JE,Winschoten,Oldambt,Groningen,VBO,7.020958,53.148713
Sleedoornweg,2,,,9674JG,Winschoten,Oldambt,Groningen,VBO,7.022449,53.147812
Sleedoornweg,4,,,9674JG,Winschoten,Oldambt,Groningen,VBO,7.022417,53.147768
Sleedoornweg,6,,,9674JG,Winschoten,Oldambt,Groningen,VBO,7.022386,53.147732
Sleedoornweg,8,,,9674JG,Winschoten,Oldambt,Groningen,VBO,7.022339,53.147688
Sleedoornweg,10,,,9674JG,Winschoten,Oldambt,Groningen,VBO,7.022251,53.147716
Sleedoornweg,12,,,9674JG,Winschoten,Oldambt,Groningen,VBO,7.022297,53.147760
Sleedoornweg,14,,,9674JG,Winschoten,Oldambt,Groningen,VBO,7.022344,53.147805
Sleedoornweg,16,A,,9674JG,Winschoten,Oldambt,Groningen,VBO,7.022308,53.147642
Sleedoornweg,16,B,,9674JG,Winschoten,Oldambt,Groningen,VBO,7.022342,53.147630
Sleedoornweg,16,C,,9674JG,Winschoten,Oldambt,Groningen,VBO,7.022375,53.147619
Sleedoornweg,16,D,,9674JG,Winschoten,Oldambt,Groningen,VBO,7.022409,53.147607
Sleedoornweg,16,E,,9674JG,Winschoten,Oldambt,Groningen,VBO,7.022445,53.147595
Sleedoornweg,16,F,,9674JG,Winschoten,Oldambt,Groningen,VBO,7.022478,53.147584
Sleedoornweg,16,G,,9674JG,Winschoten,Oldambt,Groningen,VBO,7.022514,53.147572
Sleedoornweg,16,H,,9674JG,Winschoten,Oldambt,Groningen,VBO,7.022550,53.147560
Sleedoornweg,16,I,,9674JG,Winschoten,Oldambt,Groningen,VBO,7.022587,53.147547
Sleedoornweg,16,J,,9674JG,Winschoten,Oldambt,Groningen,VBO,7.022491,53.147443
Sleedoornweg,16,K,,9674JG,Winschoten,Oldambt,Groningen,VBO,7.022455,53.147455
Sleedoornweg,16,L,,9674JG,Winschoten,Oldambt,Groningen,VBO,7.022419,53.147467
Sleedoornweg,16,M,,9674JG,Winschoten,Oldambt,Groningen,VBO,7.022385,53.147479
Sleedoornweg,16,N,,9674JG,Winschoten,Oldambt,Groningen,VBO,7.022350,53.147491
Sleedoornweg,16,O,,9674JG,Winschoten,Oldambt,Groningen,VBO,7.022313,53.147504
Sleedoornweg,16,P,,9674JG,Winschoten,Oldambt,Groningen,VBO,7.022278,53.147516
Sleedoornweg,16,Q,,9674JG,Winschoten,Oldambt,Groningen,VBO,7.022243,53.147528
Sleedoornweg,16,R,,9674JG,Winschoten,Oldambt,Groningen,VBO,7.022208,53.147540
Sleedoornweg,16,S,,9674JG,Winschoten,Oldambt,Groningen,VBO,7.022173,53.147552
Sleedoornweg,16,T,,9674JG,Winschoten,Oldambt,Groningen,VBO,7.022137,53.147564
Sleedoornweg,16,U,,9674JG,Winschoten,Oldambt,Groningen,VBO,7.022103,53.147576
Sleedoornweg,16,V,,9674JG,Winschoten,Oldambt,Groningen,VBO,7.022068,53.147588
Sleedoornweg,16,W,,9674JG,Winschoten,Oldambt,Groningen,VBO,7.022032,53.147600
Sleedoornweg,16,X,,9674JG,Winschoten,Oldambt,Groningen,VBO,7.021970,53.147621
Sleedoornweg,16,Y,,9674JG,Winschoten,Oldambt,Groningen,VBO,7.022019,53.147675
Sleedoornweg,16,Z,,9674JG,Winschoten,Oldambt,Groningen,VBO,7.022038,53.147697
Sleedoornweg,16,,,9674JG,Winschoten,Oldambt,Groningen,VBO,7.022390,53.147840
Sleedoornweg,18,,,9674JG,Winschoten,Oldambt,Groningen,VBO,7.021999,53.147773
Sleedoornweg,20,,,9674JG,Winschoten,Oldambt,Groningen,VBO,7.021940,53.147792
Sleedoornweg,22,,,9674JG,Winschoten,Oldambt,Groningen,VBO,7.021851,53.147820
Sleedoornweg,24,,,9674JG,Winschoten,Oldambt,Groningen,VBO,7.021792,53.147848
Sleedoornweg,26,,,9674JG,Winschoten,Oldambt,Groningen,VBO,7.021703,53.147858
Sleedoornweg,28,,,9674JG,Winschoten,Oldambt,Groningen,VBO,7.021629,53.147886
Sleedoornweg,30,,,9674JG,Winschoten,Oldambt,Groningen,VBO,7.021572,53.147959
Sleedoornweg,32,,,9674JG,Winschoten,Oldambt,Groningen,VBO,7.021498,53.147978
Sleedoornweg,34,,,9674JG,Winschoten,Oldambt,Groningen,VBO,7.021425,53.148006
Sleedoornweg,36,,,9674JG,Winschoten,Oldambt,Groningen,VBO,7.021366,53.148034
Sleedoornweg,38,,,9674JH,Winschoten,Oldambt,Groningen,VBO,7.021070,53.148119
Sleedoornweg,40,,,9674JH,Winschoten,Oldambt,Groningen,VBO,7.021011,53.148137
Sleedoornweg,42,,,9674JH,Winschoten,Oldambt,Groningen,VBO,7.020922,53.148165
Sleedoornweg,44,,,9674JH,Winschoten,Oldambt,Groningen,VBO,7.020863,53.148184
Sleedoornweg,46,,,9674JH,Winschoten,Oldambt,Groningen,VBO,7.020774,53.148194
Sleedoornweg,48,,,9674JH,Winschoten,Oldambt,Groningen,VBO,7.020686,53.148232
Sleedoornweg,50,,,9674JH,Winschoten,Oldambt,Groningen,VBO,7.020626,53.148241
Sleedoornweg,52,,,9674JH,Winschoten,Oldambt,Groningen,VBO,7.020567,53.148269
Sleedoornweg,54,,,9674JH,Winschoten,Oldambt,Groningen,VBO,7.020378,53.148398
Sleedoornweg,56,,,9674JH,Winschoten,Oldambt,Groningen,VBO,7.020380,53.148451
Sleedoornweg,58,,,9674JH,Winschoten,Oldambt,Groningen,VBO,7.020381,53.148487
Sleedoornweg,60,,,9674JH,Winschoten,Oldambt,Groningen,VBO,7.020384,53.148550
Sleedoornweg,62,,,9674JJ,Winschoten,Oldambt,Groningen,VBO,7.020294,53.149351
Sleedoornweg,64,,,9674JJ,Winschoten,Oldambt,Groningen,VBO,7.020251,53.149379
Sleedoornweg,66,,,9674JJ,Winschoten,Oldambt,Groningen,VBO,7.020147,53.149416
Sleedoornweg,68,,,9674JJ,Winschoten,Oldambt,Groningen,VBO,7.020118,53.149435
Sleedoornweg,70,,,9674JJ,Winschoten,Oldambt,Groningen,VBO,7.020014,53.149454
Sleedoornweg,72,,,9674JJ,Winschoten,Oldambt,Groningen,VBO,7.019955,53.149482
Sleedoornweg,74,,,9674JJ,Winschoten,Oldambt,Groningen,VBO,7.019882,53.149528
Sleedoornweg,76,,,9674JJ,Winschoten,Oldambt,Groningen,VBO,7.019838,53.149546
Sleedoornweg,78,,,9674JK,Winschoten,Oldambt,Groningen,VBO,7.019485,53.149704
Sleedoornweg,80,,,9674JK,Winschoten,Oldambt,Groningen,VBO,7.019457,53.149749
Sleedoornweg,82,,,9674JK,Winschoten,Oldambt,Groningen,VBO,7.019384,53.149786
Sleedoornweg,84,,,9674JK,Winschoten,Oldambt,Groningen,VBO,7.019340,53.149823
Sleedoornweg,86,,,9674JK,Winschoten,Oldambt,Groningen,VBO,7.019297,53.149859
Sleedoornweg,88,,,9674JK,Winschoten,Oldambt,Groningen,VBO,7.019223,53.149887
Sleedoornweg,90,,,9674JK,Winschoten,Oldambt,Groningen,VBO,7.019180,53.149924
Sleedoornweg,92,,,9674JK,Winschoten,Oldambt,Groningen,VBO,7.019106,53.149961
Sleedoornweg,94,,,9674JK,Winschoten,Oldambt,Groningen,VBO,7.018344,53.150367
Sleedoornweg,96,,,9674JK,Winschoten,Oldambt,Groningen,VBO,7.017942,53.150408
Sleedoornweg,98,,,9674JK,Winschoten,Oldambt,Groningen,VBO,7.017676,53.150475
Sleedoornweg,106,,,9674JK,Winschoten,Oldambt,Groningen,VBO,7.017313,53.150776
Sleedoornweg,108,,,9674JK,Winschoten,Oldambt,Groningen,VBO,7.017300,53.150821
Sleedoornweg,110,,,9674JK,Winschoten,Oldambt,Groningen,VBO,7.017409,53.150936
Sleedoornweg,112,,,9674JK,Winschoten,Oldambt,Groningen,VBO,7.017456,53.150990
Sleedoornweg,114,,,9674JK,Winschoten,Oldambt,Groningen,VBO,7.017980,53.151414
Sleedoornweg,116,,,9674JK,Winschoten,Oldambt,Groningen,VBO,7.018158,53.151367
Sleedoornweg,118,,,9674JK,Winschoten,Oldambt,Groningen,VBO,7.018351,53.151337
Sleedoornweg,120,,,9674JK,Winschoten,Oldambt,Groningen,VBO,7.018514,53.151299
Sleedoornweg,122,,,9674JK,Winschoten,Oldambt,Groningen,VBO,7.018692,53.151252
Sleedoornweg,124,,,9674JK,Winschoten,Oldambt,Groningen,VBO,7.018870,53.151213
Sleedoornweg,126,,,9674JK,Winschoten,Oldambt,Groningen,VBO,7.019062,53.151166
Sleedoornweg,61,,,9674JL,Winschoten,Oldambt,Groningen,VBO,7.021031,53.149072
Sleedoornweg,63,,,9674JL,Winschoten,Oldambt,Groningen,VBO,7.021048,53.149116
Sleedoornweg,65,,,9674JL,Winschoten,Oldambt,Groningen,VBO,7.021050,53.149170
Sleedoornweg,67,,,9674JL,Winschoten,Oldambt,Groningen,VBO,7.021052,53.149224
Sleedoornweg,69,,,9674JL,Winschoten,Oldambt,Groningen,VBO,7.021009,53.149270
Sleedoornweg,71,,,9674JL,Winschoten,Oldambt,Groningen,VBO,7.021011,53.149315
Sleedoornweg,73,,,9674JL,Winschoten,Oldambt,Groningen,VBO,7.021013,53.149369
Sleedoornweg,75,,,9674JL,Winschoten,Oldambt,Groningen,VBO,7.021015,53.149422
Sleedoornweg,77,,,9674JL,Winschoten,Oldambt,Groningen,VBO,7.021312,53.149382
Sleedoornweg,79,,,9674JL,Winschoten,Oldambt,Groningen,VBO,7.021402,53.149390
Sleedoornweg,81,,,9674JL,Winschoten,Oldambt,Groningen,VBO,7.021477,53.149398
Sleedoornweg,83,,,9674JL,Winschoten,Oldambt,Groningen,VBO,7.021553,53.149415
Sleedoornweg,85,,,9674JL,Winschoten,Oldambt,Groningen,VBO,7.021340,53.149319
Sleedoornweg,87,,,9674JL,Winschoten,Oldambt,Groningen,VBO,7.021415,53.149345
Sleedoornweg,89,,,9674JL,Winschoten,Oldambt,Groningen,VBO,7.021490,53.149353
Sleedoornweg,91,,,9674JL,Winschoten,Oldambt,Groningen,VBO,7.021566,53.149370
Sleedoornweg,93,,,9674JL,Winschoten,Oldambt,Groningen,VBO,7.020911,53.149846
Sleedoornweg,95,,,9674JL,Winschoten,Oldambt,Groningen,VBO,7.020850,53.149811
Sleedoornweg,97,,,9674JL,Winschoten,Oldambt,Groningen,VBO,7.020804,53.149776
Sleedoornweg,99,,,9674JL,Winschoten,Oldambt,Groningen,VBO,7.020648,53.149607
Sleedoornweg,101,,,9674JL,Winschoten,Oldambt,Groningen,VBO,7.020605,53.149662
Sleedoornweg,103,,,9674JL,Winschoten,Oldambt,Groningen,VBO,7.020547,53.149698
Sleedoornweg,105,,,9674JL,Winschoten,Oldambt,Groningen,VBO,7.020488,53.149726
Sleedoornweg,107,,,9674JL,Winschoten,Oldambt,Groningen,VBO,7.020415,53.149763
Sleedoornweg,109,,,9674JL,Winschoten,Oldambt,Groningen,VBO,7.020356,53.149791
Sleedoornweg,111,,,9674JM,Winschoten,Oldambt,Groningen,VBO,7.020094,53.149983
Sleedoornweg,113,,,9674JM,Winschoten,Oldambt,Groningen,VBO,7.020019,53.149984
Sleedoornweg,115,,,9674JM,Winschoten,Oldambt,Groningen,VBO,7.019944,53.149976
Sleedoornweg,117,,,9674JM,Winschoten,Oldambt,Groningen,VBO,7.019869,53.149959
Sleedoornweg,119,,,9674JM,Winschoten,Oldambt,Groningen,VBO,7.019678,53.150061
Sleedoornweg,121,,,9674JM,Winschoten,Oldambt,Groningen,VBO,7.019681,53.150133
Sleedoornweg,123,,,9674JM,Winschoten,Oldambt,Groningen,VBO,7.019607,53.150161
Sleedoornweg,125,,,9674JM,Winschoten,Oldambt,Groningen,VBO,7.019564,53.150197
Sleedoornweg,127,,,9674JM,Winschoten,Oldambt,Groningen,VBO,7.019521,53.150243
Sleedoornweg,129,A,,9674JM,Winschoten,Oldambt,Groningen,VBO,7.019505,53.150469
Sleedoornweg,129,,,9674JM,Winschoten,Oldambt,Groningen,VBO,7.019447,53.150271
Sleedoornweg,131,,,9674JM,Winschoten,Oldambt,Groningen,VBO,7.019287,53.150390
Sleedoornweg,133,,,9674JM,Winschoten,Oldambt,Groningen,VBO,7.019229,53.150426
Sleedoornweg,135,,,9674JM,Winschoten,Oldambt,Groningen,VBO,7.019170,53.150463
Sleedoornweg,137,,,9674JM,Winschoten,Oldambt,Groningen,VBO,7.019112,53.150509
Sleedoornweg,139,,,9674JM,Winschoten,Oldambt,Groningen,VBO,7.019054,53.150546
Sleedoornweg,141,,,9674JN,Winschoten,Oldambt,Groningen,VBO,7.018652,53.150605
Sleedoornweg,143,,,9674JN,Winschoten,Oldambt,Groningen,VBO,7.018578,53.150624
Sleedoornweg,145,,,9674JN,Winschoten,Oldambt,Groningen,VBO,7.018400,53.150662
Sleedoornweg,147,,,9674JN,Winschoten,Oldambt,Groningen,VBO,7.018327,53.150690
Sleedoornweg,149,,,9674JN,Winschoten,Oldambt,Groningen,VBO,7.018133,53.150720
Sleedoornweg,151,,,9674JN,Winschoten,Oldambt,Groningen,VBO,7.018060,53.150748
Sleedoornweg,153,,,9674JN,Winschoten,Oldambt,Groningen,VBO,7.017913,53.150822
Sleedoornweg,155,,,9674JN,Winschoten,Oldambt,Groningen,VBO,7.017839,53.150850
Sleedoornweg,157,,,9674JN,Winschoten,Oldambt,Groningen,VBO,7.018011,53.151045
Sleedoornweg,159,,,9674JN,Winschoten,Oldambt,Groningen,VBO,7.018100,53.151017
Sleedoornweg,161,,,9674JN,Winschoten,Oldambt,Groningen,VBO,7.018278,53.150988
Sleedoornweg,163,,,9674JN,Winschoten,Oldambt,Groningen,VBO,7.018352,53.150960
Sleedoornweg,165,,,9674JN,Winschoten,Oldambt,Groningen,VBO,7.018545,53.150930
Sleedoornweg,167,,,9674JN,Winschoten,Oldambt,Groningen,VBO,7.018619,53.150902
Sleedoornweg,169,,,9674JN,Winschoten,Oldambt,Groningen,VBO,7.018765,53.150819
Sleedoornweg,171,,,9674JN,Winschoten,Oldambt,Groningen,VBO,7.018839,53.150800
Sleedoornweg,173,,,9674JN,Winschoten,Oldambt,Groningen,VBO,7.019224,53.150705
Sleedoornweg,175,,,9674JN,Winschoten,Oldambt,Groningen,VBO,7.019285,53.150740
Sleedoornweg,177,,,9674JN,Winschoten,Oldambt,Groningen,VBO,7.019379,53.150847
Sleedoornweg,179,,,9674JN,Winschoten,Oldambt,Groningen,VBO,7.019455,53.150882
Sleedoornweg,181,,,9674JN,Winschoten,Oldambt,Groningen,VBO,7.019637,53.150942
Populierenweg,54,,,9674JP,Winschoten,Oldambt,Groningen,VBO,7.017248,53.149447
Populierenweg,56,,,9674JP,Winschoten,Oldambt,Groningen,VBO,7.017295,53.149500
Populierenweg,58,,,9674JP,Winschoten,Oldambt,Groningen,VBO,7.017418,53.149588
Populierenweg,60,,,9674JP,Winschoten,Oldambt,Groningen,VBO,7.017465,53.149651
Populierenweg,62,,,9674JP,Winschoten,Oldambt,Groningen,VBO,7.017559,53.149748
Populierenweg,64,,,9674JP,Winschoten,Oldambt,Groningen,VBO,7.017620,53.149801
Populierenweg,66,,,9674JP,Winschoten,Oldambt,Groningen,VBO,7.017684,53.149908
Populierenweg,68,,,9674JP,Winschoten,Oldambt,Groningen,VBO,7.017731,53.149970
Populierenweg,70,,,9674JP,Winschoten,Oldambt,Groningen,VBO,7.017840,53.150077
Populierenweg,72,,,9674JP,Winschoten,Oldambt,Groningen,VBO,7.017993,53.150165
Populierenweg,74,,,9674JP,Winschoten,Oldambt,Groningen,VBO,7.018234,53.150215
Populierenweg,1,,,9674JR,Winschoten,Oldambt,Groningen,VBO,7.019214,53.149645
Populierenweg,3,,,9674JR,Winschoten,Oldambt,Groningen,VBO,7.019123,53.149610
Populierenweg,5,,,9674JR,Winschoten,Oldambt,Groningen,VBO,7.019048,53.149611
Populierenweg,7,,,9674JR,Winschoten,Oldambt,Groningen,VBO,7.018973,53.149594
Populierenweg,9,,,9674JR,Winschoten,Oldambt,Groningen,VBO,7.018897,53.149568
Populierenweg,11,,,9674JR,Winschoten,Oldambt,Groningen,VBO,7.018822,53.149551
Populierenweg,13,,,9674JR,Winschoten,Oldambt,Groningen,VBO,7.018746,53.149525
Populierenweg,15,,,9674JR,Winschoten,Oldambt,Groningen,VBO,7.018671,53.149517
Populierenweg,17,,,9674JR,Winschoten,Oldambt,Groningen,VBO,7.018596,53.149509
Populierenweg,19,,,9674JR,Winschoten,Oldambt,Groningen,VBO,7.018491,53.149511
Populierenweg,21,,,9674JR,Winschoten,Oldambt,Groningen,VBO,7.018327,53.149504
Populierenweg,23,,,9674JR,Winschoten,Oldambt,Groningen,VBO,7.018252,53.149514
Populierenweg,25,,,9674JR,Winschoten,Oldambt,Groningen,VBO,7.018178,53.149533
Populierenweg,27,,,9674JR,Winschoten,Oldambt,Groningen,VBO,7.018105,53.149561
Populierenweg,29,,,9674JR,Winschoten,Oldambt,Groningen,VBO,7.018061,53.149589
Populierenweg,31,,,9674JR,Winschoten,Oldambt,Groningen,VBO,7.017973,53.149626
Populierenweg,33,,,9674JR,Winschoten,Oldambt,Groningen,VBO,7.018175,53.149830
Populierenweg,35,,,9674JR,Winschoten,Oldambt,Groningen,VBO,7.018279,53.149828
Populierenweg,37,,,9674JR,Winschoten,Oldambt,Groningen,VBO,7.018338,53.149791
Populierenweg,39,,,9674JR,Winschoten,Oldambt,Groningen,VBO,7.018532,53.149789
Populierenweg,41,,,9674JR,Winschoten,Oldambt,Groningen,VBO,7.018607,53.149806
Populierenweg,43,,,9674JR,Winschoten,Oldambt,Groningen,VBO,7.018712,53.149822
Populierenweg,45,,,9674JR,Winschoten,Oldambt,Groningen,VBO,7.018773,53.149839
Populierenweg,47,,,9674JR,Winschoten,Oldambt,Groningen,VBO,7.018878,53.149838
Populierenweg,49,,,9674JR,Winschoten,Oldambt,Groningen,VBO,7.018937,53.149837
Populierenweg,2,,,9674JS,Winschoten,Oldambt,Groningen,VBO,7.019639,53.149423
Populierenweg,4,,,9674JS,Winschoten,Oldambt,Groningen,VBO,7.019579,53.149406
Populierenweg,6,,,9674JS,Winschoten,Oldambt,Groningen,VBO,7.019489,53.149398
Populierenweg,8,,,9674JS,Winschoten,Oldambt,Groningen,VBO,7.019414,53.149390
Populierenweg,10,,,9674JS,Winschoten,Oldambt,Groningen,VBO,7.019338,53.149373
Populierenweg,12,,,9674JS,Winschoten,Oldambt,Groningen,VBO,7.019278,53.149365
Populierenweg,14,,,9674JS,Winschoten,Oldambt,Groningen,VBO,7.018932,53.149307
Populierenweg,16,,,9674JS,Winschoten,Oldambt,Groningen,VBO,7.018946,53.149262
Populierenweg,18,,,9674JS,Winschoten,Oldambt,Groningen,VBO,7.018959,53.149217
Populierenweg,20,,,9674JS,Winschoten,Oldambt,Groningen,VBO,7.019017,53.149162
Populierenweg,22,,,9674JS,Winschoten,Oldambt,Groningen,VBO,7.018966,53.149019
Populierenweg,24,,,9674JS,Winschoten,Oldambt,Groningen,VBO,7.018891,53.148993
Populierenweg,26,,,9674JS,Winschoten,Oldambt,Groningen,VBO,7.018859,53.148958
Populierenweg,28,,,9674JS,Winschoten,Oldambt,Groningen,VBO,7.018812,53.148904
Populierenweg,30,,,9674JS,Winschoten,Oldambt,Groningen,VBO,7.018751,53.148869
Populierenweg,32,,,9674JS,Winschoten,Oldambt,Groningen,VBO,7.018779,53.148806
Populierenweg,34,,,9674JT,Winschoten,Oldambt,Groningen,VBO,7.018445,53.149080
Populierenweg,36,,,9674JT,Winschoten,Oldambt,Groningen,VBO,7.018402,53.149108
Populierenweg,38,,,9674JT,Winschoten,Oldambt,Groningen,VBO,7.018343,53.149135
Populierenweg,40,,,9674JT,Winschoten,Oldambt,Groningen,VBO,7.018269,53.149172
Populierenweg,42,,,9674JT,Winschoten,Oldambt,Groningen,VBO,7.018180,53.149182
Populierenweg,44,,,9674JT,Winschoten,Oldambt,Groningen,VBO,7.018091,53.149193
Populierenweg,46,,,9674JT,Winschoten,Oldambt,Groningen,VBO,7.017941,53.149195
Populierenweg,48,,,9674JT,Winschoten,Oldambt,Groningen,VBO,7.017837,53.149214
Populierenweg,50,,,9674JT,Winschoten,Oldambt,Groningen,VBO,7.017777,53.149197
Populierenweg,52,,,9674JT,Winschoten,Oldambt,Groningen,VBO,7.017716,53.149162
Dennenweg,1,,,9674JV,Winschoten,Oldambt,Groningen,VBO,7.019752,53.148460
Dennenweg,3,,,9674JV,Winschoten,Oldambt,Groningen,VBO,7.019754,53.148496
Dennenweg,5,,,9674JV,Winschoten,Oldambt,Groningen,VBO,7.019861,53.148575
Dennenweg,7,,,9674JV,Winschoten,Oldambt,Groningen,VBO,7.019893,53.148629
Dennenweg,9,,,9674JV,Winschoten,Oldambt,Groningen,VBO,7.020106,53.148707
Dennenweg,11,,,9674JV,Winschoten,Oldambt,Groningen,VBO,7.020225,53.148714
Dennenweg,13,,,9674JV,Winschoten,Oldambt,Groningen,VBO,7.020346,53.148749
Dennenweg,15,,,9674JV,Winschoten,Oldambt,Groningen,VBO,7.020406,53.148739
Dennenweg,17,,,9674JV,Winschoten,Oldambt,Groningen,VBO,7.021360,53.148681
Dennenweg,19,,,9674JV,Winschoten,Oldambt,Groningen,VBO,7.021479,53.148652
Dennenweg,21,,,9674JV,Winschoten,Oldambt,Groningen,VBO,7.021569,53.148651
Dennenweg,23,,,9674JV,Winschoten,Oldambt,Groningen,VBO,7.021748,53.148649
Dennenweg,25,,,9674JV,Winschoten,Oldambt,Groningen,VBO,7.021822,53.148639
Dennenweg,27,,,9674JV,Winschoten,Oldambt,Groningen,VBO,7.021942,53.148655
Dennenweg,29,,,9674JV,Winschoten,Oldambt,Groningen,VBO,7.022138,53.148697
Dennenweg,31,,,9674JV,Winschoten,Oldambt,Groningen,VBO,7.022213,53.148696
Dennenweg,4,,,9674JW,Winschoten,Oldambt,Groningen,VBO,7.019177,53.148666
Dennenweg,6,,,9674JW,Winschoten,Oldambt,Groningen,VBO,7.019208,53.148701
Dennenweg,8,,,9674JW,Winschoten,Oldambt,Groningen,VBO,7.019255,53.148754
Dennenweg,10,,,9674JW,Winschoten,Oldambt,Groningen,VBO,7.019301,53.148781
Dennenweg,12,,,9674JW,Winschoten,Oldambt,Groningen,VBO,7.019348,53.148825
Dennenweg,14,,,9674JW,Winschoten,Oldambt,Groningen,VBO,7.019380,53.148879
Dennenweg,16,,,9674JW,Winschoten,Oldambt,Groningen,VBO,7.019473,53.148976
Dennenweg,18,,,9674JW,Winschoten,Oldambt,Groningen,VBO,7.019533,53.148993
Dennenweg,20,,,9674JW,Winschoten,Oldambt,Groningen,VBO,7.019594,53.149028
Dennenweg,22,,,9674JW,Winschoten,Oldambt,Groningen,VBO,7.019671,53.149063
Dennenweg,24,,,9674JW,Winschoten,Oldambt,Groningen,VBO,7.019731,53.149089
Dennenweg,26,,,9674JW,Winschoten,Oldambt,Groningen,VBO,7.019792,53.149107
Dennenweg,28,,,9674JW,Winschoten,Oldambt,Groningen,VBO,7.020003,53.149149
Dennenweg,30,,,9674JW,Winschoten,Oldambt,Groningen,VBO,7.020077,53.149148
Dennenweg,32,,,9674JW,Winschoten,Oldambt,Groningen,VBO,7.020182,53.149146
Dennenweg,34,,,9674JW,Winschoten,Oldambt,Groningen,VBO,7.020241,53.149136
Dennenweg,36,,,9674JW,Winschoten,Oldambt,Groningen,VBO,7.020331,53.149135
Dennenweg,38,,,9674JW,Winschoten,Oldambt,Groningen,VBO,7.020391,53.149134
Dennenweg,40,,,9674JX,Winschoten,Oldambt,Groningen,VBO,7.021272,53.149104
Dennenweg,42,,,9674JX,Winschoten,Oldambt,Groningen,VBO,7.021361,53.149094
Dennenweg,44,,,9674JX,Winschoten,Oldambt,Groningen,VBO,7.021570,53.149091
Dennenweg,46,,,9674JX,Winschoten,Oldambt,Groningen,VBO,7.021630,53.149091
Dennenweg,48,,,9674JX,Winschoten,Oldambt,Groningen,VBO,7.021900,53.149114
Dennenweg,50,,,9674JX,Winschoten,Oldambt,Groningen,VBO,7.021961,53.149140
Dennenweg,52,,,9674JX,Winschoten,Oldambt,Groningen,VBO,7.022172,53.149200
Dennenweg,54,,,9674JX,Winschoten,Oldambt,Groningen,VBO,7.022233,53.149235
Vuurdoornweg,2,,,9674KA,Winschoten,Oldambt,Groningen,VBO,7.017641,53.151149
Vuurdoornweg,4,,,9674KA,Winschoten,Oldambt,Groningen,VBO,7.017568,53.151177
Vuurdoornweg,6,,,9674KA,Winschoten,Oldambt,Groningen,VBO,7.017389,53.151206
Vuurdoornweg,8,,,9674KA,Winschoten,Oldambt,Groningen,VBO,7.017301,53.151235
Vuurdoornweg,10,,,9674KA,Winschoten,Oldambt,Groningen,VBO,7.017107,53.151264
Vuurdoornweg,12,,,9674KA,Winschoten,Oldambt,Groningen,VBO,7.017019,53.151301
Vuurdoornweg,14,,,9674KA,Winschoten,Oldambt,Groningen,VBO,7.016967,53.151122
Vuurdoornweg,16,,,9674KA,Winschoten,Oldambt,Groningen,VBO,7.016921,53.151069
Vuurdoornweg,18,,,9674KA,Winschoten,Oldambt,Groningen,VBO,7.016843,53.150980
Vuurdoornweg,20,,,9674KA,Winschoten,Oldambt,Groningen,VBO,7.016781,53.150927
Vuurdoornweg,22,,,9674KB,Winschoten,Oldambt,Groningen,VBO,7.015613,53.150485
Vuurdoornweg,24,,,9674KB,Winschoten,Oldambt,Groningen,VBO,7.015687,53.150457
Vuurdoornweg,26,,,9674KB,Winschoten,Oldambt,Groningen,VBO,7.015849,53.150400
Vuurdoornweg,28,,,9674KB,Winschoten,Oldambt,Groningen,VBO,7.015938,53.150372
Vuurdoornweg,30,,,9674KB,Winschoten,Oldambt,Groningen,VBO,7.016130,53.150334
Vuurdoornweg,32,,,9674KB,Winschoten,Oldambt,Groningen,VBO,7.016219,53.150306
Vuurdoornweg,34,,,9674KB,Winschoten,Oldambt,Groningen,VBO,7.016381,53.150249
Vuurdoornweg,36,,,9674KB,Winschoten,Oldambt,Groningen,VBO,7.016470,53.150221
Vuurdoornweg,38,,,9674KB,Winschoten,Oldambt,Groningen,VBO,7.016632,53.150165
Vuurdoornweg,40,,,9674KB,Winschoten,Oldambt,Groningen,VBO,7.016706,53.150137
Vuurdoornweg,42,,,9674KB,Winschoten,Oldambt,Groningen,VBO,7.016939,53.150368
Vuurdoornweg,44,,,9674KB,Winschoten,Oldambt,Groningen,VBO,7.016835,53.150396
Vuurdoornweg,46,,,9674KB,Winschoten,Oldambt,Groningen,VBO,7.016718,53.150443
Vuurdoornweg,48,,,9674KB,Winschoten,Oldambt,Groningen,VBO,7.016599,53.150480
Vuurdoornweg,50,,,9674KB,Winschoten,Oldambt,Groningen,VBO,7.016452,53.150527
Vuurdoornweg,52,,,9674KB,Winschoten,Oldambt,Groningen,VBO,7.016348,53.150564
Vuurdoornweg,54,,,9674KB,Winschoten,Oldambt,Groningen,VBO,7.016155,53.150594
Vuurdoornweg,56,,,9674KB,Winschoten,Oldambt,Groningen,VBO,7.016067,53.150631
Vuurdoornweg,58,,,9674KB,Winschoten,Oldambt,Groningen,VBO,7.015934,53.150678
Vuurdoornweg,60,,,9674KB,Winschoten,Oldambt,Groningen,VBO,7.015831,53.150706
Vuurdoornweg,1,,,9674KC,Winschoten,Oldambt,Groningen,VBO,7.017786,53.151426
Vuurdoornweg,3,,,9674KC,Winschoten,Oldambt,Groningen,VBO,7.017624,53.151482
Vuurdoornweg,5,,,9674KC,Winschoten,Oldambt,Groningen,VBO,7.017400,53.151503
Vuurdoornweg,7,,,9674KC,Winschoten,Oldambt,Groningen,VBO,7.017208,53.151550
Vuurdoornweg,9,,,9674KC,Winschoten,Oldambt,Groningen,VBO,7.016897,53.151644
Vuurdoornweg,11,,,9674KC,Winschoten,Oldambt,Groningen,VBO,7.016804,53.151538
Vuurdoornweg,13,,,9674KC,Winschoten,Oldambt,Groningen,VBO,7.016754,53.151422
Vuurdoornweg,15,,,9674KC,Winschoten,Oldambt,Groningen,VBO,7.016645,53.151306
Vuurdoornweg,17,,,9674KC,Winschoten,Oldambt,Groningen,VBO,7.016536,53.151182
Vuurdoornweg,19,,,9674KC,Winschoten,Oldambt,Groningen,VBO,7.016435,53.151061
Vuurdoornweg,21,,,9674KC,Winschoten,Oldambt,Groningen,VBO,7.016241,53.150880
Vuurdoornweg,23,,,9674KC,Winschoten,Oldambt,Groningen,VBO,7.016138,53.150918
Vuurdoornweg,25,,,9674KC,Winschoten,Oldambt,Groningen,VBO,7.016006,53.150992
Vuurdoornweg,27,,,9674KC,Winschoten,Oldambt,Groningen,VBO,7.015902,53.151029
Vuurdoornweg,29,,,9674KC,Winschoten,Oldambt,Groningen,VBO,7.015771,53.151103
Vuurdoornweg,31,,,9674KC,Winschoten,Oldambt,Groningen,VBO,7.015667,53.151131
Vuurdoornweg,33,,,9674KC,Winschoten,Oldambt,Groningen,VBO,7.015614,53.150916
Vuurdoornweg,35,,,9674KC,Winschoten,Oldambt,Groningen,VBO,7.015552,53.150863
Vuurdoornweg,37,,,9674KC,Winschoten,Oldambt,Groningen,VBO,7.015488,53.150729
Vuurdoornweg,39,,,9674KC,Winschoten,Oldambt,Groningen,VBO,7.015426,53.150676
Vuurdoornweg,41,,,9674KC,Winschoten,Oldambt,Groningen,VBO,7.015332,53.150560
Vuurdoornweg,43,,,9674KC,Winschoten,Oldambt,Groningen,VBO,7.015270,53.150507
Vuurdoornweg,45,,,9674KD,Winschoten,Oldambt,Groningen,VBO,7.015202,53.150301
Vuurdoornweg,47,,,9674KD,Winschoten,Oldambt,Groningen,VBO,7.015291,53.150273
Vuurdoornweg,49,,,9674KD,Winschoten,Oldambt,Groningen,VBO,7.015484,53.150244
Vuurdoornweg,51,,,9674KD,Winschoten,Oldambt,Groningen,VBO,7.015573,53.150216
Vuurdoornweg,53,,,9674KD,Winschoten,Oldambt,Groningen,VBO,7.015735,53.150159
Vuurdoornweg,55,,,9674KD,Winschoten,Oldambt,Groningen,VBO,7.015809,53.150131
Vuurdoornweg,57,,,9674KD,Winschoten,Oldambt,Groningen,VBO,7.015956,53.150058
Vuurdoornweg,59,,,9674KD,Winschoten,Oldambt,Groningen,VBO,7.016044,53.150029
Vuurdoornweg,61,,,9674KD,Winschoten,Oldambt,Groningen,VBO,7.016207,53.149973
Vuurdoornweg,63,,,9674KD,Winschoten,Oldambt,Groningen,VBO,7.016295,53.149945
Vuurdoornweg,65,,,9674KD,Winschoten,Oldambt,Groningen,VBO,7.016849,53.149569
Vuurdoornweg,67,,,9674KD,Winschoten,Oldambt,Groningen,VBO,7.016911,53.149622
Vuurdoornweg,69,,,9674KD,Winschoten,Oldambt,Groningen,VBO,7.016960,53.149738
Vuurdoornweg,71,,,9674KD,Winschoten,Oldambt,Groningen,VBO,7.017007,53.149792
Vuurdoornweg,73,,,9674KD,Winschoten,Oldambt,Groningen,VBO,7.017071,53.149890
Vuurdoornweg,75,,,9674KD,Winschoten,Oldambt,Groningen,VBO,7.017118,53.149961
Vuurdoornweg,77,,,9674KD,Winschoten,Oldambt,Groningen,VBO,7.017256,53.150049
Vuurdoornweg,79,,,9674KD,Winschoten,Oldambt,Groningen,VBO,7.017333,53.150120
Vuurdoornweg,81,,,9674KD,Winschoten,Oldambt,Groningen,VBO,7.017412,53.150235
Vuurdoornweg,83,,,9674KD,Winschoten,Oldambt,Groningen,VBO,7.017506,53.150342
Vuurdoornweg,97,,,9674KE,Winschoten,Oldambt,Groningen,VBO,7.017233,53.150633
Vuurdoornweg,99,,,9674KE,Winschoten,Oldambt,Groningen,VBO,7.017186,53.150580
Vuurdoornweg,101,,,9674KE,Winschoten,Oldambt,Groningen,VBO,7.016877,53.150639
Vuurdoornweg,103,,,9674KE,Winschoten,Oldambt,Groningen,VBO,7.016776,53.150669
Vuurdoornweg,105,,,9674KE,Winschoten,Oldambt,Groningen,VBO,7.016644,53.150716
Vuurdoornweg,107,,,9674KE,Winschoten,Oldambt,Groningen,VBO,7.016570,53.150744
Zuiderveen,19,,,9674TA,Winschoten,Oldambt,Groningen,VBO,7.013950,53.132469
Zuiderveen,21,,,9674TA,Winschoten,Oldambt,Groningen,VBO,7.014150,53.131442
Zuiderveen,23,,,9674TA,Winschoten,Oldambt,Groningen,VBO,7.022681,53.132189
Zuiderveen,25,,,9674TA,Winschoten,Oldambt,Groningen,VBO,7.022101,53.131478
Zuiderveen,27,,,9674TA,Winschoten,Oldambt,Groningen,VBO,7.022248,53.130209
Zuiderveen,29,,,9674TA,Winschoten,Oldambt,Groningen,VBO,7.021996,53.129510
Zuiderveen,31,,,9674TA,Winschoten,Oldambt,Groningen,VBO,7.022327,53.128338
Zuiderveen,33,A,,9674TA,Winschoten,Oldambt,Groningen,VBO,7.023135,53.126008
Zuiderveen,33,,,9674TA,Winschoten,Oldambt,Groningen,VBO,7.022632,53.126923
Zuiderveen,35,,,9674TA,Winschoten,Oldambt,Groningen,VBO,7.023091,53.124445
Zuiderveen,37,,,9674TA,Winschoten,Oldambt,Groningen,VBO,7.023447,53.124069
Zuiderveen,39,,,9674TA,Winschoten,Oldambt,Groningen,VBO,7.023785,53.123794
Zuiderveen,41,,,9674TA,Winschoten,Oldambt,Groningen,VBO,7.023751,53.123331
Zuiderveen,49,A,,9674TA,Winschoten,Oldambt,Groningen,VBO,7.022471,53.121136
Zuiderveen,49,,,9674TA,Winschoten,Oldambt,Groningen,VBO,7.023564,53.121131
Zuiderveen,51,,,9674TA,Winschoten,Oldambt,Groningen,VBO,7.016201,53.121278
Zuiderveen,53,,,9674TA,Winschoten,Oldambt,Groningen,VBO,7.016593,53.121537
Zuiderveen,57,,,9674TA,Winschoten,Oldambt,Groningen,VBO,7.013304,53.121244
Zuiderveen,59,,,9674TA,Winschoten,Oldambt,Groningen,VBO,7.012469,53.121273
Zuiderveen,71,,,9674TB,Winschoten,Oldambt,Groningen,VBO,7.022629,53.120013
Zuiderveen,77,,,9674TB,Winschoten,Oldambt,Groningen,VBO,7.020782,53.117475
Zuiderveen,81,,,9674TB,Winschoten,Oldambt,Groningen,VBO,7.022155,53.117061
Zuiderveen,83,,,9674TB,Winschoten,Oldambt,Groningen,VBO,7.021963,53.116704
Oogstweg,1,,,9674TC,Winschoten,Oldambt,Groningen,VBO,7.007017,53.118903
Oogstweg,2,,,9674TC,Winschoten,Oldambt,Groningen,VBO,6.997627,53.118274
Oogstweg,3,,,9674TC,Winschoten,Oldambt,Groningen,VBO,7.006609,53.119022
Zaaiweg,2,,,9674TD,Winschoten,Oldambt,Groningen,VBO,7.006335,53.125032
